+0.000000 +0.000000 +30.458222
+0.031250 +0.000000 +30.458222
+0.062500 +0.000000 +30.458222
+0.093750 +0.000000 +30.458222
+0.125000 +0.000000 +30.458222
+0.156250 +0.000000 +30.458221
+0.187500 +0.000000 +30.458221
+0.218750 +0.000000 +30.458221
+0.250000 +0.000000 +30.458221
+0.281250 +0.000000 +30.458221
+0.312500 +0.000000 +30.458221
+0.343750 +0.000000 +30.458221
+0.375000 +0.000000 +30.458221
+0.406250 +0.000000 +30.458221
+0.437500 +0.000000 +30.458221
+0.468750 +0.000000 +30.458221
+0.500000 +0.000000 +30.458221
+0.531250 +0.000000 +30.458222
+0.562500 +0.000000 +30.458222
+0.593750 +0.000000 +30.458222
+0.625000 +0.000000 +30.458222
+0.656250 +0.000000 +30.458222
+0.687500 +0.000000 +30.458222
+0.718750 +0.000000 +30.458222
+0.750000 +0.000000 +30.458223
+0.781250 +0.000000 +30.458223
+0.812500 +0.000000 +30.458223
+0.843750 +0.000000 +30.458223
+0.875000 +0.000000 +30.458223
+0.906250 +0.000000 +30.458224
+0.937500 +0.000000 +30.458224
+0.968750 +0.000000 +30.458224
+1.000000 +0.000000 +30.458224
+1.031250 +0.000000 +30.458224
+1.062500 +0.000000 +30.458224
+1.093750 +0.000000 +30.458225
+1.125000 +0.000000 +30.458225
+1.156250 +0.000000 +30.458225
+1.187500 +0.000000 +30.458225
+1.218750 +0.000000 +30.458225
+1.250000 +0.000000 +30.458225
+1.281250 +0.000000 +30.458225
+1.312500 +0.000000 +30.458225
+1.343750 +0.000000 +30.458225
+1.375000 +0.000000 +30.458225
+1.406250 +0.000000 +30.458225
+1.437500 +0.000000 +30.458225
+1.468750 +0.000000 +30.458225
+1.500000 +0.000000 +30.458225
+1.531250 +0.000000 +30.458225
+1.562500 +0.000000 +30.458225
+1.593750 +0.000000 +30.458224
+1.625000 +0.000000 +30.458224
+1.656250 +0.000000 +30.458224
+1.687500 +0.000000 +30.458224
+1.718750 +0.000000 +30.458224
+1.750000 +0.000000 +30.458224
+1.781250 +0.000000 +30.458223
+1.812500 +0.000000 +30.458223
+1.843750 +0.000000 +30.458223
+1.875000 +0.000000 +30.458223
+1.906250 +0.000000 +30.458223
+1.937500 +0.000000 +30.458222
+1.968750 +0.000000 +30.458222
+2.000000 +0.000000 +30.458222
+0.000000 +0.031250 +30.450721
+0.031250 +0.031250 +30.450724
+0.062500 +0.031250 +30.450723
+0.093750 +0.031250 +30.450722
+0.125000 +0.031250 +30.450721
+0.156250 +0.031250 +30.450720
+0.187500 +0.031250 +30.450719
+0.218750 +0.031250 +30.450719
+0.250000 +0.031250 +30.450718
+0.281250 +0.031250 +30.450718
+0.312500 +0.031250 +30.450718
+0.343750 +0.031250 +30.450717
+0.375000 +0.031250 +30.450718
+0.406250 +0.031250 +30.450718
+0.437500 +0.031250 +30.450718
+0.468750 +0.031250 +30.450719
+0.500000 +0.031250 +30.450719
+0.531250 +0.031250 +30.450720
+0.562500 +0.031250 +30.450721
+0.593750 +0.031250 +30.450722
+0.625000 +0.031250 +30.450723
+0.656250 +0.031250 +30.450724
+0.687500 +0.031250 +30.450725
+0.718750 +0.031250 +30.450726
+0.750000 +0.031250 +30.450727
+0.781250 +0.031250 +30.450729
+0.812500 +0.031250 +30.450730
+0.843750 +0.031250 +30.450731
+0.875000 +0.031250 +30.450733
+0.906250 +0.031250 +30.450734
+0.937500 +0.031250 +30.450735
+0.968750 +0.031250 +30.450737
+1.000000 +0.031250 +30.450738
+1.031250 +0.031250 +30.450739
+1.062500 +0.031250 +30.450740
+1.093750 +0.031250 +30.450741
+1.125000 +0.031250 +30.450742
+1.156250 +0.031250 +30.450743
+1.187500 +0.031250 +30.450743
+1.218750 +0.031250 +30.450744
+1.250000 +0.031250 +30.450744
+1.281250 +0.031250 +30.450745
+1.312500 +0.031250 +30.450745
+1.343750 +0.031250 +30.450745
+1.375000 +0.031250 +30.450745
+1.406250 +0.031250 +30.450744
+1.437500 +0.031250 +30.450744
+1.468750 +0.031250 +30.450744
+1.500000 +0.031250 +30.450743
+1.531250 +0.031250 +30.450742
+1.562500 +0.031250 +30.450741
+1.593750 +0.031250 +30.450740
+1.625000 +0.031250 +30.450739
+1.656250 +0.031250 +30.450738
+1.687500 +0.031250 +30.450737
+1.718750 +0.031250 +30.450736
+1.750000 +0.031250 +30.450734
+1.781250 +0.031250 +30.450733
+1.812500 +0.031250 +30.450731
+1.843750 +0.031250 +30.450730
+1.875000 +0.031250 +30.450729
+1.906250 +0.031250 +30.450727
+1.937500 +0.031250 +30.450726
+1.968750 +0.031250 +30.450721
+2.000000 +0.031250 +30.450724
+0.000000 +0.062500 +30.430984
+0.031250 +0.062500 +30.430995
+0.062500 +0.062500 +30.430991
+0.093750 +0.062500 +30.430986
+0.125000 +0.062500 +30.430983
+0.156250 +0.062500 +30.430980
+0.187500 +0.062500 +30.430977
+0.218750 +0.062500 +30.430974
+0.250000 +0.062500 +30.430973
+0.281250 +0.062500 +30.430971
+0.312500 +0.062500 +30.430970
+0.343750 +0.062500 +30.430970
+0.375000 +0.062500 +30.430970
+0.406250 +0.062500 +30.430971
+0.437500 +0.062500 +30.430972
+0.468750 +0.062500 +30.430974
+0.500000 +0.062500 +30.430977
+0.531250 +0.062500 +30.430979
+0.562500 +0.062500 +30.430983
+0.593750 +0.062500 +30.430986
+0.625000 +0.062500 +30.430990
+0.656250 +0.062500 +30.430995
+0.687500 +0.062500 +30.430999
+0.718750 +0.062500 +30.431004
+0.750000 +0.062500 +30.431009
+0.781250 +0.062500 +30.431015
+0.812500 +0.062500 +30.431020
+0.843750 +0.062500 +30.431025
+0.875000 +0.062500 +30.431031
+0.906250 +0.062500 +30.431036
+0.937500 +0.062500 +30.431041
+0.968750 +0.062500 +30.431047
+1.000000 +0.062500 +30.431051
+1.031250 +0.062500 +30.431056
+1.062500 +0.062500 +30.431060
+1.093750 +0.062500 +30.431064
+1.125000 +0.062500 +30.431068
+1.156250 +0.062500 +30.431071
+1.187500 +0.062500 +30.431074
+1.218750 +0.062500 +30.431076
+1.250000 +0.062500 +30.431077
+1.281250 +0.062500 +30.431079
+1.312500 +0.062500 +30.431079
+1.343750 +0.062500 +30.431079
+1.375000 +0.062500 +30.431079
+1.406250 +0.062500 +30.431078
+1.437500 +0.062500 +30.431076
+1.468750 +0.062500 +30.431074
+1.500000 +0.062500 +30.431072
+1.531250 +0.062500 +30.431069
+1.562500 +0.062500 +30.431065
+1.593750 +0.062500 +30.431061
+1.625000 +0.062500 +30.431057
+1.656250 +0.062500 +30.431053
+1.687500 +0.062500 +30.431048
+1.718750 +0.062500 +30.431043
+1.750000 +0.062500 +30.431037
+1.781250 +0.062500 +30.431032
+1.812500 +0.062500 +30.431026
+1.843750 +0.062500 +30.431021
+1.875000 +0.062500 +30.431015
+1.906250 +0.062500 +30.431010
+1.937500 +0.062500 +30.431004
+1.968750 +0.062500 +30.430984
+2.000000 +0.062500 +30.430995
+0.000000 +0.093750 +30.404192
+0.031250 +0.093750 +30.404219
+0.062500 +0.093750 +30.404208
+0.093750 +0.093750 +30.404199
+0.125000 +0.093750 +30.404190
+0.156250 +0.093750 +30.404183
+0.187500 +0.093750 +30.404177
+0.218750 +0.093750 +30.404171
+0.250000 +0.093750 +30.404167
+0.281250 +0.093750 +30.404164
+0.312500 +0.093750 +30.404162
+0.343750 +0.093750 +30.404161
+0.375000 +0.093750 +30.404162
+0.406250 +0.093750 +30.404164
+0.437500 +0.093750 +30.404166
+0.468750 +0.093750 +30.404171
+0.500000 +0.093750 +30.404176
+0.531250 +0.093750 +30.404182
+0.562500 +0.093750 +30.404190
+0.593750 +0.093750 +30.404198
+0.625000 +0.093750 +30.404207
+0.656250 +0.093750 +30.404217
+0.687500 +0.093750 +30.404228
+0.718750 +0.093750 +30.404239
+0.750000 +0.093750 +30.404251
+0.781250 +0.093750 +30.404263
+0.812500 +0.093750 +30.404275
+0.843750 +0.093750 +30.404288
+0.875000 +0.093750 +30.404300
+0.906250 +0.093750 +30.404313
+0.937500 +0.093750 +30.404325
+0.968750 +0.093750 +30.404336
+1.000000 +0.093750 +30.404347
+1.031250 +0.093750 +30.404358
+1.062500 +0.093750 +30.404368
+1.093750 +0.093750 +30.404377
+1.125000 +0.093750 +30.404385
+1.156250 +0.093750 +30.404392
+1.187500 +0.093750 +30.404399
+1.218750 +0.093750 +30.404404
+1.250000 +0.093750 +30.404407
+1.281250 +0.093750 +30.404410
+1.312500 +0.093750 +30.404412
+1.343750 +0.093750 +30.404412
+1.375000 +0.093750 +30.404411
+1.406250 +0.093750 +30.404408
+1.437500 +0.093750 +30.404405
+1.468750 +0.093750 +30.404400
+1.500000 +0.093750 +30.404394
+1.531250 +0.093750 +30.404387
+1.562500 +0.093750 +30.404380
+1.593750 +0.093750 +30.404371
+1.625000 +0.093750 +30.404361
+1.656250 +0.093750 +30.404350
+1.687500 +0.093750 +30.404339
+1.718750 +0.093750 +30.404328
+1.750000 +0.093750 +30.404315
+1.781250 +0.093750 +30.404303
+1.812500 +0.093750 +30.404290
+1.843750 +0.093750 +30.404278
+1.875000 +0.093750 +30.404265
+1.906250 +0.093750 +30.404253
+1.937500 +0.093750 +30.404240
+1.968750 +0.093750 +30.404192
+2.000000 +0.093750 +30.404219
+0.000000 +0.125000 +30.374329
+0.031250 +0.125000 +30.374374
+0.062500 +0.125000 +30.374356
+0.093750 +0.125000 +30.374340
+0.125000 +0.125000 +30.374325
+0.156250 +0.125000 +30.374312
+0.187500 +0.125000 +30.374301
+0.218750 +0.125000 +30.374292
+0.250000 +0.125000 +30.374285
+0.281250 +0.125000 +30.374279
+0.312500 +0.125000 +30.374276
+0.343750 +0.125000 +30.374275
+0.375000 +0.125000 +30.374276
+0.406250 +0.125000 +30.374279
+0.437500 +0.125000 +30.374284
+0.468750 +0.125000 +30.374291
+0.500000 +0.125000 +30.374300
+0.531250 +0.125000 +30.374311
+0.562500 +0.125000 +30.374324
+0.593750 +0.125000 +30.374338
+0.625000 +0.125000 +30.374354
+0.656250 +0.125000 +30.374371
+0.687500 +0.125000 +30.374389
+0.718750 +0.125000 +30.374409
+0.750000 +0.125000 +30.374429
+0.781250 +0.125000 +30.374449
+0.812500 +0.125000 +30.374471
+0.843750 +0.125000 +30.374492
+0.875000 +0.125000 +30.374513
+0.906250 +0.125000 +30.374534
+0.937500 +0.125000 +30.374555
+0.968750 +0.125000 +30.374575
+1.000000 +0.125000 +30.374594
+1.031250 +0.125000 +30.374612
+1.062500 +0.125000 +30.374629
+1.093750 +0.125000 +30.374645
+1.125000 +0.125000 +30.374659
+1.156250 +0.125000 +30.374671
+1.187500 +0.125000 +30.374682
+1.218750 +0.125000 +30.374690
+1.250000 +0.125000 +30.374697
+1.281250 +0.125000 +30.374702
+1.312500 +0.125000 +30.374704
+1.343750 +0.125000 +30.374705
+1.375000 +0.125000 +30.374703
+1.406250 +0.125000 +30.374699
+1.437500 +0.125000 +30.374693
+1.468750 +0.125000 +30.374685
+1.500000 +0.125000 +30.374675
+1.531250 +0.125000 +30.374663
+1.562500 +0.125000 +30.374649
+1.593750 +0.125000 +30.374634
+1.625000 +0.125000 +30.374617
+1.656250 +0.125000 +30.374599
+1.687500 +0.125000 +30.374580
+1.718750 +0.125000 +30.374560
+1.750000 +0.125000 +30.374539
+1.781250 +0.125000 +30.374518
+1.812500 +0.125000 +30.374497
+1.843750 +0.125000 +30.374475
+1.875000 +0.125000 +30.374453
+1.906250 +0.125000 +30.374432
+1.937500 +0.125000 +30.374410
+1.968750 +0.125000 +30.374329
+2.000000 +0.125000 +30.374374
+0.000000 +0.156250 +30.343400
+0.031250 +0.156250 +30.343466
+0.062500 +0.156250 +30.343439
+0.093750 +0.156250 +30.343416
+0.125000 +0.156250 +30.343395
+0.156250 +0.156250 +30.343376
+0.187500 +0.156250 +30.343359
+0.218750 +0.156250 +30.343346
+0.250000 +0.156250 +30.343335
+0.281250 +0.156250 +30.343327
+0.312500 +0.156250 +30.343322
+0.343750 +0.156250 +30.343321
+0.375000 +0.156250 +30.343322
+0.406250 +0.156250 +30.343326
+0.437500 +0.156250 +30.343334
+0.468750 +0.156250 +30.343344
+0.500000 +0.156250 +30.343357
+0.531250 +0.156250 +30.343373
+0.562500 +0.156250 +30.343392
+0.593750 +0.156250 +30.343413
+0.625000 +0.156250 +30.343436
+0.656250 +0.156250 +30.343461
+0.687500 +0.156250 +30.343488
+0.718750 +0.156250 +30.343516
+0.750000 +0.156250 +30.343545
+0.781250 +0.156250 +30.343576
+0.812500 +0.156250 +30.343607
+0.843750 +0.156250 +30.343638
+0.875000 +0.156250 +30.343669
+0.906250 +0.156250 +30.343700
+0.937500 +0.156250 +30.343730
+0.968750 +0.156250 +30.343759
+1.000000 +0.156250 +30.343787
+1.031250 +0.156250 +30.343814
+1.062500 +0.156250 +30.343838
+1.093750 +0.156250 +30.343861
+1.125000 +0.156250 +30.343882
+1.156250 +0.156250 +30.343900
+1.187500 +0.156250 +30.343915
+1.218750 +0.156250 +30.343928
+1.250000 +0.156250 +30.343938
+1.281250 +0.156250 +30.343945
+1.312500 +0.156250 +30.343948
+1.343750 +0.156250 +30.343949
+1.375000 +0.156250 +30.343946
+1.406250 +0.156250 +30.343940
+1.437500 +0.156250 +30.343932
+1.468750 +0.156250 +30.343920
+1.500000 +0.156250 +30.343905
+1.531250 +0.156250 +30.343888
+1.562500 +0.156250 +30.343868
+1.593750 +0.156250 +30.343846
+1.625000 +0.156250 +30.343821
+1.656250 +0.156250 +30.343795
+1.687500 +0.156250 +30.343767
+1.718750 +0.156250 +30.343738
+1.750000 +0.156250 +30.343708
+1.781250 +0.156250 +30.343676
+1.812500 +0.156250 +30.343645
+1.843750 +0.156250 +30.343613
+1.875000 +0.156250 +30.343582
+1.906250 +0.156250 +30.343551
+1.937500 +0.156250 +30.343519
+1.968750 +0.156250 +30.343400
+2.000000 +0.156250 +30.343466
+0.000000 +0.187500 +30.312165
+0.031250 +0.187500 +30.312253
+0.062500 +0.187500 +30.312217
+0.093750 +0.187500 +30.312186
+0.125000 +0.187500 +30.312157
+0.156250 +0.187500 +30.312132
+0.187500 +0.187500 +30.312111
+0.218750 +0.187500 +30.312092
+0.250000 +0.187500 +30.312078
+0.281250 +0.187500 +30.312068
+0.312500 +0.187500 +30.312061
+0.343750 +0.187500 +30.312059
+0.375000 +0.187500 +30.312061
+0.406250 +0.187500 +30.312067
+0.437500 +0.187500 +30.312076
+0.468750 +0.187500 +30.312090
+0.500000 +0.187500 +30.312108
+0.531250 +0.187500 +30.312129
+0.562500 +0.187500 +30.312154
+0.593750 +0.187500 +30.312181
+0.625000 +0.187500 +30.312212
+0.656250 +0.187500 +30.312246
+0.687500 +0.187500 +30.312281
+0.718750 +0.187500 +30.312319
+0.750000 +0.187500 +30.312358
+0.781250 +0.187500 +30.312398
+0.812500 +0.187500 +30.312439
+0.843750 +0.187500 +30.312481
+0.875000 +0.187500 +30.312523
+0.906250 +0.187500 +30.312564
+0.937500 +0.187500 +30.312604
+0.968750 +0.187500 +30.312643
+1.000000 +0.187500 +30.312680
+1.031250 +0.187500 +30.312715
+1.062500 +0.187500 +30.312749
+1.093750 +0.187500 +30.312779
+1.125000 +0.187500 +30.312806
+1.156250 +0.187500 +30.312830
+1.187500 +0.187500 +30.312851
+1.218750 +0.187500 +30.312868
+1.250000 +0.187500 +30.312881
+1.281250 +0.187500 +30.312890
+1.312500 +0.187500 +30.312895
+1.343750 +0.187500 +30.312895
+1.375000 +0.187500 +30.312892
+1.406250 +0.187500 +30.312884
+1.437500 +0.187500 +30.312873
+1.468750 +0.187500 +30.312857
+1.500000 +0.187500 +30.312838
+1.531250 +0.187500 +30.312815
+1.562500 +0.187500 +30.312788
+1.593750 +0.187500 +30.312758
+1.625000 +0.187500 +30.312726
+1.656250 +0.187500 +30.312691
+1.687500 +0.187500 +30.312654
+1.718750 +0.187500 +30.312615
+1.750000 +0.187500 +30.312574
+1.781250 +0.187500 +30.312533
+1.812500 +0.187500 +30.312491
+1.843750 +0.187500 +30.312448
+1.875000 +0.187500 +30.312406
+1.906250 +0.187500 +30.312365
+1.937500 +0.187500 +30.312323
+1.968750 +0.187500 +30.312165
+2.000000 +0.187500 +30.312253
+0.000000 +0.218750 +30.280855
+0.031250 +0.218750 +30.280966
+0.062500 +0.218750 +30.280920
+0.093750 +0.218750 +30.280881
+0.125000 +0.218750 +30.280845
+0.156250 +0.218750 +30.280814
+0.187500 +0.218750 +30.280787
+0.218750 +0.218750 +30.280764
+0.250000 +0.218750 +30.280746
+0.281250 +0.218750 +30.280733
+0.312500 +0.218750 +30.280725
+0.343750 +0.218750 +30.280722
+0.375000 +0.218750 +30.280724
+0.406250 +0.218750 +30.280731
+0.437500 +0.218750 +30.280744
+0.468750 +0.218750 +30.280761
+0.500000 +0.218750 +30.280783
+0.531250 +0.218750 +30.280810
+0.562500 +0.218750 +30.280840
+0.593750 +0.218750 +30.280875
+0.625000 +0.218750 +30.280914
+0.656250 +0.218750 +30.280956
+0.687500 +0.218750 +30.281000
+0.718750 +0.218750 +30.281048
+0.750000 +0.218750 +30.281097
+0.781250 +0.218750 +30.281147
+0.812500 +0.218750 +30.281199
+0.843750 +0.218750 +30.281251
+0.875000 +0.218750 +30.281303
+0.906250 +0.218750 +30.281354
+0.937500 +0.218750 +30.281405
+0.968750 +0.218750 +30.281454
+1.000000 +0.218750 +30.281500
+1.031250 +0.218750 +30.281545
+1.062500 +0.218750 +30.281586
+1.093750 +0.218750 +30.281624
+1.125000 +0.218750 +30.281658
+1.156250 +0.218750 +30.281689
+1.187500 +0.218750 +30.281715
+1.218750 +0.218750 +30.281736
+1.250000 +0.218750 +30.281752
+1.281250 +0.218750 +30.281763
+1.312500 +0.218750 +30.281769
+1.343750 +0.218750 +30.281770
+1.375000 +0.218750 +30.281766
+1.406250 +0.218750 +30.281757
+1.437500 +0.218750 +30.281742
+1.468750 +0.218750 +30.281722
+1.500000 +0.218750 +30.281698
+1.531250 +0.218750 +30.281669
+1.562500 +0.218750 +30.281636
+1.593750 +0.218750 +30.281599
+1.625000 +0.218750 +30.281558
+1.656250 +0.218750 +30.281514
+1.687500 +0.218750 +30.281468
+1.718750 +0.218750 +30.281419
+1.750000 +0.218750 +30.281368
+1.781250 +0.218750 +30.281316
+1.812500 +0.218750 +30.281263
+1.843750 +0.218750 +30.281210
+1.875000 +0.218750 +30.281158
+1.906250 +0.218750 +30.281106
+1.937500 +0.218750 +30.281053
+1.968750 +0.218750 +30.280855
+2.000000 +0.218750 +30.280966
+0.000000 +0.250000 +30.249531
+0.031250 +0.250000 +30.249663
+0.062500 +0.250000 +30.249609
+0.093750 +0.250000 +30.249562
+0.125000 +0.250000 +30.249519
+0.156250 +0.250000 +30.249481
+0.187500 +0.250000 +30.249449
+0.218750 +0.250000 +30.249421
+0.250000 +0.250000 +30.249400
+0.281250 +0.250000 +30.249384
+0.312500 +0.250000 +30.249374
+0.343750 +0.250000 +30.249371
+0.375000 +0.250000 +30.249373
+0.406250 +0.250000 +30.249382
+0.437500 +0.250000 +30.249397
+0.468750 +0.250000 +30.249418
+0.500000 +0.250000 +30.249444
+0.531250 +0.250000 +30.249476
+0.562500 +0.250000 +30.249513
+0.593750 +0.250000 +30.249555
+0.625000 +0.250000 +30.249601
+0.656250 +0.250000 +30.249651
+0.687500 +0.250000 +30.249705
+0.718750 +0.250000 +30.249761
+0.750000 +0.250000 +30.249820
+0.781250 +0.250000 +30.249881
+0.812500 +0.250000 +30.249943
+0.843750 +0.250000 +30.250005
+0.875000 +0.250000 +30.250068
+0.906250 +0.250000 +30.250129
+0.937500 +0.250000 +30.250190
+0.968750 +0.250000 +30.250248
+1.000000 +0.250000 +30.250305
+1.031250 +0.250000 +30.250358
+1.062500 +0.250000 +30.250407
+1.093750 +0.250000 +30.250453
+1.125000 +0.250000 +30.250494
+1.156250 +0.250000 +30.250530
+1.187500 +0.250000 +30.250561
+1.218750 +0.250000 +30.250587
+1.250000 +0.250000 +30.250606
+1.281250 +0.250000 +30.250620
+1.312500 +0.250000 +30.250627
+1.343750 +0.250000 +30.250629
+1.375000 +0.250000 +30.250623
+1.406250 +0.250000 +30.250612
+1.437500 +0.250000 +30.250595
+1.468750 +0.250000 +30.250571
+1.500000 +0.250000 +30.250542
+1.531250 +0.250000 +30.250507
+1.562500 +0.250000 +30.250467
+1.593750 +0.250000 +30.250423
+1.625000 +0.250000 +30.250374
+1.656250 +0.250000 +30.250321
+1.687500 +0.250000 +30.250265
+1.718750 +0.250000 +30.250207
+1.750000 +0.250000 +30.250146
+1.781250 +0.250000 +30.250084
+1.812500 +0.250000 +30.250020
+1.843750 +0.250000 +30.249957
+1.875000 +0.250000 +30.249894
+1.906250 +0.250000 +30.249832
+1.937500 +0.250000 +30.249768
+1.968750 +0.250000 +30.249531
+2.000000 +0.250000 +30.249663
+0.000000 +0.281250 +30.218207
+0.031250 +0.281250 +30.218360
+0.062500 +0.281250 +30.218298
+0.093750 +0.281250 +30.218243
+0.125000 +0.281250 +30.218193
+0.156250 +0.281250 +30.218150
+0.187500 +0.281250 +30.218112
+0.218750 +0.281250 +30.218080
+0.250000 +0.281250 +30.218055
+0.281250 +0.281250 +30.218037
+0.312500 +0.281250 +30.218025
+0.343750 +0.281250 +30.218021
+0.375000 +0.281250 +30.218024
+0.406250 +0.281250 +30.218034
+0.437500 +0.281250 +30.218051
+0.468750 +0.281250 +30.218075
+0.500000 +0.281250 +30.218106
+0.531250 +0.281250 +30.218143
+0.562500 +0.281250 +30.218186
+0.593750 +0.281250 +30.218234
+0.625000 +0.281250 +30.218288
+0.656250 +0.281250 +30.218346
+0.687500 +0.281250 +30.218408
+0.718750 +0.281250 +30.218474
+0.750000 +0.281250 +30.218542
+0.781250 +0.281250 +30.218612
+0.812500 +0.281250 +30.218684
+0.843750 +0.281250 +30.218757
+0.875000 +0.281250 +30.218829
+0.906250 +0.281250 +30.218901
+0.937500 +0.281250 +30.218971
+0.968750 +0.281250 +30.219039
+1.000000 +0.281250 +30.219104
+1.031250 +0.281250 +30.219165
+1.062500 +0.281250 +30.219223
+1.093750 +0.281250 +30.219276
+1.125000 +0.281250 +30.219324
+1.156250 +0.281250 +30.219366
+1.187500 +0.281250 +30.219402
+1.218750 +0.281250 +30.219431
+1.250000 +0.281250 +30.219454
+1.281250 +0.281250 +30.219470
+1.312500 +0.281250 +30.219478
+1.343750 +0.281250 +30.219479
+1.375000 +0.281250 +30.219473
+1.406250 +0.281250 +30.219460
+1.437500 +0.281250 +30.219440
+1.468750 +0.281250 +30.219413
+1.500000 +0.281250 +30.219379
+1.531250 +0.281250 +30.219339
+1.562500 +0.281250 +30.219293
+1.593750 +0.281250 +30.219241
+1.625000 +0.281250 +30.219184
+1.656250 +0.281250 +30.219123
+1.687500 +0.281250 +30.219059
+1.718750 +0.281250 +30.218991
+1.750000 +0.281250 +30.218920
+1.781250 +0.281250 +30.218848
+1.812500 +0.281250 +30.218775
+1.843750 +0.281250 +30.218701
+1.875000 +0.281250 +30.218628
+1.906250 +0.281250 +30.218556
+1.937500 +0.281250 +30.218482
+1.968750 +0.281250 +30.218207
+2.000000 +0.281250 +30.218360
+0.000000 +0.312500 +30.186889
+0.031250 +0.312500 +30.187061
+0.062500 +0.312500 +30.186990
+0.093750 +0.312500 +30.186929
+0.125000 +0.312500 +30.186873
+0.156250 +0.312500 +30.186823
+0.187500 +0.312500 +30.186781
+0.218750 +0.312500 +30.186745
+0.250000 +0.312500 +30.186717
+0.281250 +0.312500 +30.186696
+0.312500 +0.312500 +30.186683
+0.343750 +0.312500 +30.186678
+0.375000 +0.312500 +30.186682
+0.406250 +0.312500 +30.186693
+0.437500 +0.312500 +30.186713
+0.468750 +0.312500 +30.186740
+0.500000 +0.312500 +30.186774
+0.531250 +0.312500 +30.186816
+0.562500 +0.312500 +30.186864
+0.593750 +0.312500 +30.186919
+0.625000 +0.312500 +30.186979
+0.656250 +0.312500 +30.187045
+0.687500 +0.312500 +30.187115
+0.718750 +0.312500 +30.187189
+0.750000 +0.312500 +30.187266
+0.781250 +0.312500 +30.187345
+0.812500 +0.312500 +30.187426
+0.843750 +0.312500 +30.187508
+0.875000 +0.312500 +30.187589
+0.906250 +0.312500 +30.187670
+0.937500 +0.312500 +30.187749
+0.968750 +0.312500 +30.187826
+1.000000 +0.312500 +30.187899
+1.031250 +0.312500 +30.187968
+1.062500 +0.312500 +30.188033
+1.093750 +0.312500 +30.188093
+1.125000 +0.312500 +30.188147
+1.156250 +0.312500 +30.188194
+1.187500 +0.312500 +30.188235
+1.218750 +0.312500 +30.188268
+1.250000 +0.312500 +30.188294
+1.281250 +0.312500 +30.188311
+1.312500 +0.312500 +30.188321
+1.343750 +0.312500 +30.188322
+1.375000 +0.312500 +30.188316
+1.406250 +0.312500 +30.188301
+1.437500 +0.312500 +30.188278
+1.468750 +0.312500 +30.188247
+1.500000 +0.312500 +30.188209
+1.531250 +0.312500 +30.188164
+1.562500 +0.312500 +30.188112
+1.593750 +0.312500 +30.188054
+1.625000 +0.312500 +30.187990
+1.656250 +0.312500 +30.187921
+1.687500 +0.312500 +30.187848
+1.718750 +0.312500 +30.187772
+1.750000 +0.312500 +30.187692
+1.781250 +0.312500 +30.187611
+1.812500 +0.312500 +30.187528
+1.843750 +0.312500 +30.187445
+1.875000 +0.312500 +30.187363
+1.906250 +0.312500 +30.187282
+1.937500 +0.312500 +30.187199
+1.968750 +0.312500 +30.186889
+2.000000 +0.312500 +30.187061
+0.000000 +0.343750 +30.155578
+0.031250 +0.343750 +30.155766
+0.062500 +0.343750 +30.155689
+0.093750 +0.343750 +30.155621
+0.125000 +0.343750 +30.155560
+0.156250 +0.343750 +30.155505
+0.187500 +0.343750 +30.155458
+0.218750 +0.343750 +30.155419
+0.250000 +0.343750 +30.155388
+0.281250 +0.343750 +30.155365
+0.312500 +0.343750 +30.155351
+0.343750 +0.343750 +30.155346
+0.375000 +0.343750 +30.155349
+0.406250 +0.343750 +30.155362
+0.437500 +0.343750 +30.155383
+0.468750 +0.343750 +30.155413
+0.500000 +0.343750 +30.155451
+0.531250 +0.343750 +30.155497
+0.562500 +0.343750 +30.155550
+0.593750 +0.343750 +30.155610
+0.625000 +0.343750 +30.155677
+0.656250 +0.343750 +30.155749
+0.687500 +0.343750 +30.155826
+0.718750 +0.343750 +30.155907
+0.750000 +0.343750 +30.155992
+0.781250 +0.343750 +30.156079
+0.812500 +0.343750 +30.156168
+0.843750 +0.343750 +30.156258
+0.875000 +0.343750 +30.156348
+0.906250 +0.343750 +30.156437
+0.937500 +0.343750 +30.156524
+0.968750 +0.343750 +30.156608
+1.000000 +0.343750 +30.156689
+1.031250 +0.343750 +30.156766
+1.062500 +0.343750 +30.156837
+1.093750 +0.343750 +30.156903
+1.125000 +0.343750 +30.156962
+1.156250 +0.343750 +30.157014
+1.187500 +0.343750 +30.157059
+1.218750 +0.343750 +30.157096
+1.250000 +0.343750 +30.157124
+1.281250 +0.343750 +30.157143
+1.312500 +0.343750 +30.157154
+1.343750 +0.343750 +30.157156
+1.375000 +0.343750 +30.157148
+1.406250 +0.343750 +30.157132
+1.437500 +0.343750 +30.157107
+1.468750 +0.343750 +30.157073
+1.500000 +0.343750 +30.157031
+1.531250 +0.343750 +30.156981
+1.562500 +0.343750 +30.156924
+1.593750 +0.343750 +30.156860
+1.625000 +0.343750 +30.156790
+1.656250 +0.343750 +30.156714
+1.687500 +0.343750 +30.156634
+1.718750 +0.343750 +30.156549
+1.750000 +0.343750 +30.156462
+1.781250 +0.343750 +30.156372
+1.812500 +0.343750 +30.156281
+1.843750 +0.343750 +30.156190
+1.875000 +0.343750 +30.156099
+1.906250 +0.343750 +30.156010
+1.937500 +0.343750 +30.155920
+1.968750 +0.343750 +30.155578
+2.000000 +0.343750 +30.155766
+0.000000 +0.375000 +30.124276
+0.031250 +0.375000 +30.124478
+0.062500 +0.375000 +30.124396
+0.093750 +0.375000 +30.124323
+0.125000 +0.375000 +30.124256
+0.156250 +0.375000 +30.124198
+0.187500 +0.375000 +30.124147
+0.218750 +0.375000 +30.124104
+0.250000 +0.375000 +30.124070
+0.281250 +0.375000 +30.124046
+0.312500 +0.375000 +30.124031
+0.343750 +0.375000 +30.124025
+0.375000 +0.375000 +30.124029
+0.406250 +0.375000 +30.124043
+0.437500 +0.375000 +30.124065
+0.468750 +0.375000 +30.124097
+0.500000 +0.375000 +30.124138
+0.531250 +0.375000 +30.124188
+0.562500 +0.375000 +30.124245
+0.593750 +0.375000 +30.124310
+0.625000 +0.375000 +30.124382
+0.656250 +0.375000 +30.124460
+0.687500 +0.375000 +30.124543
+0.718750 +0.375000 +30.124631
+0.750000 +0.375000 +30.124722
+0.781250 +0.375000 +30.124816
+0.812500 +0.375000 +30.124912
+0.843750 +0.375000 +30.125009
+0.875000 +0.375000 +30.125106
+0.906250 +0.375000 +30.125202
+0.937500 +0.375000 +30.125296
+0.968750 +0.375000 +30.125387
+1.000000 +0.375000 +30.125474
+1.031250 +0.375000 +30.125556
+1.062500 +0.375000 +30.125633
+1.093750 +0.375000 +30.125704
+1.125000 +0.375000 +30.125768
+1.156250 +0.375000 +30.125824
+1.187500 +0.375000 +30.125872
+1.218750 +0.375000 +30.125912
+1.250000 +0.375000 +30.125942
+1.281250 +0.375000 +30.125963
+1.312500 +0.375000 +30.125975
+1.343750 +0.375000 +30.125977
+1.375000 +0.375000 +30.125969
+1.406250 +0.375000 +30.125951
+1.437500 +0.375000 +30.125924
+1.468750 +0.375000 +30.125888
+1.500000 +0.375000 +30.125842
+1.531250 +0.375000 +30.125789
+1.562500 +0.375000 +30.125727
+1.593750 +0.375000 +30.125658
+1.625000 +0.375000 +30.125582
+1.656250 +0.375000 +30.125501
+1.687500 +0.375000 +30.125414
+1.718750 +0.375000 +30.125323
+1.750000 +0.375000 +30.125229
+1.781250 +0.375000 +30.125132
+1.812500 +0.375000 +30.125034
+1.843750 +0.375000 +30.124936
+1.875000 +0.375000 +30.124838
+1.906250 +0.375000 +30.124742
+1.937500 +0.375000 +30.124645
+1.968750 +0.375000 +30.124276
+2.000000 +0.375000 +30.124478
+0.000000 +0.406250 +30.092984
+0.031250 +0.406250 +30.093197
+0.062500 +0.406250 +30.093111
+0.093750 +0.406250 +30.093033
+0.125000 +0.406250 +30.092963
+0.156250 +0.406250 +30.092901
+0.187500 +0.406250 +30.092847
+0.218750 +0.406250 +30.092802
+0.250000 +0.406250 +30.092766
+0.281250 +0.406250 +30.092740
+0.312500 +0.406250 +30.092724
+0.343750 +0.406250 +30.092718
+0.375000 +0.406250 +30.092723
+0.406250 +0.406250 +30.092737
+0.437500 +0.406250 +30.092761
+0.468750 +0.406250 +30.092795
+0.500000 +0.406250 +30.092838
+0.531250 +0.406250 +30.092891
+0.562500 +0.406250 +30.092951
+0.593750 +0.406250 +30.093020
+0.625000 +0.406250 +30.093096
+0.656250 +0.406250 +30.093178
+0.687500 +0.406250 +30.093266
+0.718750 +0.406250 +30.093359
+0.750000 +0.406250 +30.093456
+0.781250 +0.406250 +30.093555
+0.812500 +0.406250 +30.093657
+0.843750 +0.406250 +30.093760
+0.875000 +0.406250 +30.093862
+0.906250 +0.406250 +30.093964
+0.937500 +0.406250 +30.094063
+0.968750 +0.406250 +30.094159
+1.000000 +0.406250 +30.094252
+1.031250 +0.406250 +30.094339
+1.062500 +0.406250 +30.094421
+1.093750 +0.406250 +30.094495
+1.125000 +0.406250 +30.094563
+1.156250 +0.406250 +30.094623
+1.187500 +0.406250 +30.094674
+1.218750 +0.406250 +30.094715
+1.250000 +0.406250 +30.094748
+1.281250 +0.406250 +30.094770
+1.312500 +0.406250 +30.094782
+1.343750 +0.406250 +30.094784
+1.375000 +0.406250 +30.094776
+1.406250 +0.406250 +30.094757
+1.437500 +0.406250 +30.094728
+1.468750 +0.406250 +30.094690
+1.500000 +0.406250 +30.094642
+1.531250 +0.406250 +30.094585
+1.562500 +0.406250 +30.094520
+1.593750 +0.406250 +30.094447
+1.625000 +0.406250 +30.094367
+1.656250 +0.406250 +30.094280
+1.687500 +0.406250 +30.094189
+1.718750 +0.406250 +30.094092
+1.750000 +0.406250 +30.093993
+1.781250 +0.406250 +30.093890
+1.812500 +0.406250 +30.093787
+1.843750 +0.406250 +30.093682
+1.875000 +0.406250 +30.093579
+1.906250 +0.406250 +30.093477
+1.937500 +0.406250 +30.093375
+1.968750 +0.406250 +30.092984
+2.000000 +0.406250 +30.093197
+0.000000 +0.437500 +30.061703
+0.031250 +0.437500 +30.061924
+0.062500 +0.437500 +30.061835
+0.093750 +0.437500 +30.061755
+0.125000 +0.437500 +30.061682
+0.156250 +0.437500 +30.061617
+0.187500 +0.437500 +30.061561
+0.218750 +0.437500 +30.061514
+0.250000 +0.437500 +30.061477
+0.281250 +0.437500 +30.061450
+0.312500 +0.437500 +30.061433
+0.343750 +0.437500 +30.061427
+0.375000 +0.437500 +30.061431
+0.406250 +0.437500 +30.061446
+0.437500 +0.437500 +30.061471
+0.468750 +0.437500 +30.061507
+0.500000 +0.437500 +30.061552
+0.531250 +0.437500 +30.061606
+0.562500 +0.437500 +30.061669
+0.593750 +0.437500 +30.061741
+0.625000 +0.437500 +30.061820
+0.656250 +0.437500 +30.061905
+0.687500 +0.437500 +30.061997
+0.718750 +0.437500 +30.062094
+0.750000 +0.437500 +30.062194
+0.781250 +0.437500 +30.062298
+0.812500 +0.437500 +30.062404
+0.843750 +0.437500 +30.062510
+0.875000 +0.437500 +30.062617
+0.906250 +0.437500 +30.062722
+0.937500 +0.437500 +30.062826
+0.968750 +0.437500 +30.062926
+1.000000 +0.437500 +30.063022
+1.031250 +0.437500 +30.063113
+1.062500 +0.437500 +30.063198
+1.093750 +0.437500 +30.063276
+1.125000 +0.437500 +30.063346
+1.156250 +0.437500 +30.063408
+1.187500 +0.437500 +30.063461
+1.218750 +0.437500 +30.063505
+1.250000 +0.437500 +30.063538
+1.281250 +0.437500 +30.063561
+1.312500 +0.437500 +30.063574
+1.343750 +0.437500 +30.063576
+1.375000 +0.437500 +30.063567
+1.406250 +0.437500 +30.063548
+1.437500 +0.437500 +30.063518
+1.468750 +0.437500 +30.063478
+1.500000 +0.437500 +30.063428
+1.531250 +0.437500 +30.063369
+1.562500 +0.437500 +30.063301
+1.593750 +0.437500 +30.063225
+1.625000 +0.437500 +30.063142
+1.656250 +0.437500 +30.063052
+1.687500 +0.437500 +30.062957
+1.718750 +0.437500 +30.062856
+1.750000 +0.437500 +30.062753
+1.781250 +0.437500 +30.062646
+1.812500 +0.437500 +30.062538
+1.843750 +0.437500 +30.062430
+1.875000 +0.437500 +30.062322
+1.906250 +0.437500 +30.062217
+1.937500 +0.437500 +30.062112
+1.968750 +0.437500 +30.061703
+2.000000 +0.437500 +30.061924
+0.000000 +0.468750 +30.030435
+0.031250 +0.468750 +30.030660
+0.062500 +0.468750 +30.030570
+0.093750 +0.468750 +30.030488
+0.125000 +0.468750 +30.030413
+0.156250 +0.468750 +30.030347
+0.187500 +0.468750 +30.030289
+0.218750 +0.468750 +30.030241
+0.250000 +0.468750 +30.030203
+0.281250 +0.468750 +30.030175
+0.312500 +0.468750 +30.030158
+0.343750 +0.468750 +30.030152
+0.375000 +0.468750 +30.030156
+0.406250 +0.468750 +30.030171
+0.437500 +0.468750 +30.030197
+0.468750 +0.468750 +30.030233
+0.500000 +0.468750 +30.030280
+0.531250 +0.468750 +30.030335
+0.562500 +0.468750 +30.030400
+0.593750 +0.468750 +30.030473
+0.625000 +0.468750 +30.030554
+0.656250 +0.468750 +30.030642
+0.687500 +0.468750 +30.030735
+0.718750 +0.468750 +30.030834
+0.750000 +0.468750 +30.030937
+0.781250 +0.468750 +30.031043
+0.812500 +0.468750 +30.031151
+0.843750 +0.468750 +30.031261
+0.875000 +0.468750 +30.031370
+0.906250 +0.468750 +30.031478
+0.937500 +0.468750 +30.031584
+0.968750 +0.468750 +30.031686
+1.000000 +0.468750 +30.031785
+1.031250 +0.468750 +30.031878
+1.062500 +0.468750 +30.031965
+1.093750 +0.468750 +30.032044
+1.125000 +0.468750 +30.032116
+1.156250 +0.468750 +30.032180
+1.187500 +0.468750 +30.032234
+1.218750 +0.468750 +30.032279
+1.250000 +0.468750 +30.032313
+1.281250 +0.468750 +30.032337
+1.312500 +0.468750 +30.032350
+1.343750 +0.468750 +30.032352
+1.375000 +0.468750 +30.032343
+1.406250 +0.468750 +30.032323
+1.437500 +0.468750 +30.032292
+1.468750 +0.468750 +30.032251
+1.500000 +0.468750 +30.032200
+1.531250 +0.468750 +30.032140
+1.562500 +0.468750 +30.032070
+1.593750 +0.468750 +30.031993
+1.625000 +0.468750 +30.031907
+1.656250 +0.468750 +30.031815
+1.687500 +0.468750 +30.031718
+1.718750 +0.468750 +30.031615
+1.750000 +0.468750 +30.031509
+1.781250 +0.468750 +30.031400
+1.812500 +0.468750 +30.031290
+1.843750 +0.468750 +30.031179
+1.875000 +0.468750 +30.031069
+1.906250 +0.468750 +30.030960
+1.937500 +0.468750 +30.030854
+1.968750 +0.468750 +30.030435
+2.000000 +0.468750 +30.030660
+0.000000 +0.500000 +29.999179
+0.031250 +0.500000 +29.999404
+0.062500 +0.500000 +29.999315
+0.093750 +0.500000 +29.999232
+0.125000 +0.500000 +29.999157
+0.156250 +0.500000 +29.999090
+0.187500 +0.500000 +29.999032
+0.218750 +0.500000 +29.998984
+0.250000 +0.500000 +29.998945
+0.281250 +0.500000 +29.998917
+0.312500 +0.500000 +29.998900
+0.343750 +0.500000 +29.998894
+0.375000 +0.500000 +29.998898
+0.406250 +0.500000 +29.998913
+0.437500 +0.500000 +29.998939
+0.468750 +0.500000 +29.998976
+0.500000 +0.500000 +29.999022
+0.531250 +0.500000 +29.999078
+0.562500 +0.500000 +29.999144
+0.593750 +0.500000 +29.999217
+0.625000 +0.500000 +29.999299
+0.656250 +0.500000 +29.999387
+0.687500 +0.500000 +29.999482
+0.718750 +0.500000 +29.999581
+0.750000 +0.500000 +29.999685
+0.781250 +0.500000 +29.999792
+0.812500 +0.500000 +29.999901
+0.843750 +0.500000 +30.000011
+0.875000 +0.500000 +30.000121
+0.906250 +0.500000 +30.000230
+0.937500 +0.500000 +30.000337
+0.968750 +0.500000 +30.000440
+1.000000 +0.500000 +30.000539
+1.031250 +0.500000 +30.000633
+1.062500 +0.500000 +30.000720
+1.093750 +0.500000 +30.000801
+1.125000 +0.500000 +30.000873
+1.156250 +0.500000 +30.000937
+1.187500 +0.500000 +30.000992
+1.218750 +0.500000 +30.001037
+1.250000 +0.500000 +30.001072
+1.281250 +0.500000 +30.001095
+1.312500 +0.500000 +30.001109
+1.343750 +0.500000 +30.001111
+1.375000 +0.500000 +30.001102
+1.406250 +0.500000 +30.001082
+1.437500 +0.500000 +30.001051
+1.468750 +0.500000 +30.001010
+1.500000 +0.500000 +30.000958
+1.531250 +0.500000 +30.000897
+1.562500 +0.500000 +30.000827
+1.593750 +0.500000 +30.000749
+1.625000 +0.500000 +30.000663
+1.656250 +0.500000 +30.000570
+1.687500 +0.500000 +30.000472
+1.718750 +0.500000 +30.000368
+1.750000 +0.500000 +30.000261
+1.781250 +0.500000 +30.000152
+1.812500 +0.500000 +30.000040
+1.843750 +0.500000 +29.999929
+1.875000 +0.500000 +29.999817
+1.906250 +0.500000 +29.999708
+1.937500 +0.500000 +29.999602
+1.968750 +0.500000 +29.999179
+2.000000 +0.500000 +29.999404
+0.000000 +0.531250 +29.967936
+0.031250 +0.531250 +29.968158
+0.062500 +0.531250 +29.968071
+0.093750 +0.531250 +29.967988
+0.125000 +0.531250 +29.967913
+0.156250 +0.531250 +29.967847
+0.187500 +0.531250 +29.967790
+0.218750 +0.531250 +29.967742
+0.250000 +0.531250 +29.967704
+0.281250 +0.531250 +29.967676
+0.312500 +0.531250 +29.967659
+0.343750 +0.531250 +29.967653
+0.375000 +0.531250 +29.967657
+0.406250 +0.531250 +29.967672
+0.437500 +0.531250 +29.967698
+0.468750 +0.531250 +29.967734
+0.500000 +0.531250 +29.967780
+0.531250 +0.531250 +29.967836
+0.562500 +0.531250 +29.967900
+0.593750 +0.531250 +29.967974
+0.625000 +0.531250 +29.968054
+0.656250 +0.531250 +29.968142
+0.687500 +0.531250 +29.968236
+0.718750 +0.531250 +29.968335
+0.750000 +0.531250 +29.968438
+0.781250 +0.531250 +29.968544
+0.812500 +0.531250 +29.968652
+0.843750 +0.531250 +29.968761
+0.875000 +0.531250 +29.968870
+0.906250 +0.531250 +29.968978
+0.937500 +0.531250 +29.969084
+0.968750 +0.531250 +29.969187
+1.000000 +0.531250 +29.969285
+1.031250 +0.531250 +29.969378
+1.062500 +0.531250 +29.969465
+1.093750 +0.531250 +29.969545
+1.125000 +0.531250 +29.969617
+1.156250 +0.531250 +29.969681
+1.187500 +0.531250 +29.969735
+1.218750 +0.531250 +29.969779
+1.250000 +0.531250 +29.969814
+1.281250 +0.531250 +29.969837
+1.312500 +0.531250 +29.969850
+1.343750 +0.531250 +29.969852
+1.375000 +0.531250 +29.969843
+1.406250 +0.531250 +29.969824
+1.437500 +0.531250 +29.969793
+1.468750 +0.531250 +29.969752
+1.500000 +0.531250 +29.969701
+1.531250 +0.531250 +29.969641
+1.562500 +0.531250 +29.969571
+1.593750 +0.531250 +29.969493
+1.625000 +0.531250 +29.969408
+1.656250 +0.531250 +29.969316
+1.687500 +0.531250 +29.969218
+1.718750 +0.531250 +29.969116
+1.750000 +0.531250 +29.969010
+1.781250 +0.531250 +29.968901
+1.812500 +0.531250 +29.968790
+1.843750 +0.531250 +29.968679
+1.875000 +0.531250 +29.968569
+1.906250 +0.531250 +29.968461
+1.937500 +0.531250 +29.968356
+1.968750 +0.531250 +29.967936
+2.000000 +0.531250 +29.968158
+0.000000 +0.562500 +29.936705
+0.031250 +0.562500 +29.936921
+0.062500 +0.562500 +29.936836
+0.093750 +0.562500 +29.936756
+0.125000 +0.562500 +29.936683
+0.156250 +0.562500 +29.936618
+0.187500 +0.562500 +29.936562
+0.218750 +0.562500 +29.936515
+0.250000 +0.562500 +29.936478
+0.281250 +0.562500 +29.936451
+0.312500 +0.562500 +29.936434
+0.343750 +0.562500 +29.936428
+0.375000 +0.562500 +29.936432
+0.406250 +0.562500 +29.936447
+0.437500 +0.562500 +29.936472
+0.468750 +0.562500 +29.936508
+0.500000 +0.562500 +29.936553
+0.531250 +0.562500 +29.936607
+0.562500 +0.562500 +29.936670
+0.593750 +0.562500 +29.936742
+0.625000 +0.562500 +29.936821
+0.656250 +0.562500 +29.936906
+0.687500 +0.562500 +29.936998
+0.718750 +0.562500 +29.937095
+0.750000 +0.562500 +29.937195
+0.781250 +0.562500 +29.937299
+0.812500 +0.562500 +29.937405
+0.843750 +0.562500 +29.937511
+0.875000 +0.562500 +29.937618
+0.906250 +0.562500 +29.937723
+0.937500 +0.562500 +29.937827
+0.968750 +0.562500 +29.937927
+1.000000 +0.562500 +29.938023
+1.031250 +0.562500 +29.938114
+1.062500 +0.562500 +29.938199
+1.093750 +0.562500 +29.938277
+1.125000 +0.562500 +29.938347
+1.156250 +0.562500 +29.938409
+1.187500 +0.562500 +29.938462
+1.218750 +0.562500 +29.938506
+1.250000 +0.562500 +29.938539
+1.281250 +0.562500 +29.938563
+1.312500 +0.562500 +29.938575
+1.343750 +0.562500 +29.938577
+1.375000 +0.562500 +29.938569
+1.406250 +0.562500 +29.938549
+1.437500 +0.562500 +29.938519
+1.468750 +0.562500 +29.938479
+1.500000 +0.562500 +29.938429
+1.531250 +0.562500 +29.938370
+1.562500 +0.562500 +29.938302
+1.593750 +0.562500 +29.938226
+1.625000 +0.562500 +29.938143
+1.656250 +0.562500 +29.938053
+1.687500 +0.562500 +29.937958
+1.718750 +0.562500 +29.937858
+1.750000 +0.562500 +29.937754
+1.781250 +0.562500 +29.937648
+1.812500 +0.562500 +29.937540
+1.843750 +0.562500 +29.937431
+1.875000 +0.562500 +29.937324
+1.906250 +0.562500 +29.937218
+1.937500 +0.562500 +29.937117
+1.968750 +0.562500 +29.936705
+2.000000 +0.562500 +29.936921
+0.000000 +0.593750 +29.905486
+0.031250 +0.593750 +29.905693
+0.062500 +0.593750 +29.905612
+0.093750 +0.593750 +29.905535
+0.125000 +0.593750 +29.905465
+0.156250 +0.593750 +29.905403
+0.187500 +0.593750 +29.905349
+0.218750 +0.593750 +29.905304
+0.250000 +0.593750 +29.905268
+0.281250 +0.593750 +29.905242
+0.312500 +0.593750 +29.905226
+0.343750 +0.593750 +29.905220
+0.375000 +0.593750 +29.905224
+0.406250 +0.593750 +29.905238
+0.437500 +0.593750 +29.905263
+0.468750 +0.593750 +29.905296
+0.500000 +0.593750 +29.905340
+0.531250 +0.593750 +29.905392
+0.562500 +0.593750 +29.905453
+0.593750 +0.593750 +29.905522
+0.625000 +0.593750 +29.905597
+0.656250 +0.593750 +29.905680
+0.687500 +0.593750 +29.905768
+0.718750 +0.593750 +29.905861
+0.750000 +0.593750 +29.905957
+0.781250 +0.593750 +29.906057
+0.812500 +0.593750 +29.906159
+0.843750 +0.593750 +29.906261
+0.875000 +0.593750 +29.906364
+0.906250 +0.593750 +29.906465
+0.937500 +0.593750 +29.906565
+0.968750 +0.593750 +29.906661
+1.000000 +0.593750 +29.906753
+1.031250 +0.593750 +29.906841
+1.062500 +0.593750 +29.906922
+1.093750 +0.593750 +29.906997
+1.125000 +0.593750 +29.907065
+1.156250 +0.593750 +29.907124
+1.187500 +0.593750 +29.907175
+1.218750 +0.593750 +29.907217
+1.250000 +0.593750 +29.907249
+1.281250 +0.593750 +29.907272
+1.312500 +0.593750 +29.907284
+1.343750 +0.593750 +29.907286
+1.375000 +0.593750 +29.907277
+1.406250 +0.593750 +29.907259
+1.437500 +0.593750 +29.907230
+1.468750 +0.593750 +29.907192
+1.500000 +0.593750 +29.907144
+1.531250 +0.593750 +29.907087
+1.562500 +0.593750 +29.907021
+1.593750 +0.593750 +29.906948
+1.625000 +0.593750 +29.906868
+1.656250 +0.593750 +29.906782
+1.687500 +0.593750 +29.906690
+1.718750 +0.593750 +29.906594
+1.750000 +0.593750 +29.906494
+1.781250 +0.593750 +29.906392
+1.812500 +0.593750 +29.906288
+1.843750 +0.593750 +29.906184
+1.875000 +0.593750 +29.906081
+1.906250 +0.593750 +29.905979
+1.937500 +0.593750 +29.905883
+1.968750 +0.593750 +29.905486
+2.000000 +0.593750 +29.905693
+0.000000 +0.625000 +29.874279
+0.031250 +0.625000 +29.874473
+0.062500 +0.625000 +29.874398
+0.093750 +0.625000 +29.874325
+0.125000 +0.625000 +29.874258
+0.156250 +0.625000 +29.874199
+0.187500 +0.625000 +29.874149
+0.218750 +0.625000 +29.874106
+0.250000 +0.625000 +29.874072
+0.281250 +0.625000 +29.874048
+0.312500 +0.625000 +29.874033
+0.343750 +0.625000 +29.874027
+0.375000 +0.625000 +29.874031
+0.406250 +0.625000 +29.874044
+0.437500 +0.625000 +29.874067
+0.468750 +0.625000 +29.874099
+0.500000 +0.625000 +29.874140
+0.531250 +0.625000 +29.874190
+0.562500 +0.625000 +29.874247
+0.593750 +0.625000 +29.874312
+0.625000 +0.625000 +29.874384
+0.656250 +0.625000 +29.874462
+0.687500 +0.625000 +29.874545
+0.718750 +0.625000 +29.874632
+0.750000 +0.625000 +29.874724
+0.781250 +0.625000 +29.874818
+0.812500 +0.625000 +29.874914
+0.843750 +0.625000 +29.875011
+0.875000 +0.625000 +29.875108
+0.906250 +0.625000 +29.875204
+0.937500 +0.625000 +29.875297
+0.968750 +0.625000 +29.875389
+1.000000 +0.625000 +29.875476
+1.031250 +0.625000 +29.875558
+1.062500 +0.625000 +29.875635
+1.093750 +0.625000 +29.875706
+1.125000 +0.625000 +29.875770
+1.156250 +0.625000 +29.875826
+1.187500 +0.625000 +29.875875
+1.218750 +0.625000 +29.875914
+1.250000 +0.625000 +29.875945
+1.281250 +0.625000 +29.875966
+1.312500 +0.625000 +29.875977
+1.343750 +0.625000 +29.875979
+1.375000 +0.625000 +29.875971
+1.406250 +0.625000 +29.875953
+1.437500 +0.625000 +29.875926
+1.468750 +0.625000 +29.875890
+1.500000 +0.625000 +29.875845
+1.531250 +0.625000 +29.875791
+1.562500 +0.625000 +29.875729
+1.593750 +0.625000 +29.875660
+1.625000 +0.625000 +29.875584
+1.656250 +0.625000 +29.875503
+1.687500 +0.625000 +29.875416
+1.718750 +0.625000 +29.875325
+1.750000 +0.625000 +29.875231
+1.781250 +0.625000 +29.875134
+1.812500 +0.625000 +29.875036
+1.843750 +0.625000 +29.874938
+1.875000 +0.625000 +29.874840
+1.906250 +0.625000 +29.874744
+1.937500 +0.625000 +29.874654
+1.968750 +0.625000 +29.874279
+2.000000 +0.625000 +29.874473
+0.000000 +0.656250 +29.843081
+0.031250 +0.656250 +29.843261
+0.062500 +0.656250 +29.843191
+0.093750 +0.656250 +29.843124
+0.125000 +0.656250 +29.843062
+0.156250 +0.656250 +29.843008
+0.187500 +0.656250 +29.842960
+0.218750 +0.656250 +29.842921
+0.250000 +0.656250 +29.842890
+0.281250 +0.656250 +29.842867
+0.312500 +0.656250 +29.842853
+0.343750 +0.656250 +29.842848
+0.375000 +0.656250 +29.842852
+0.406250 +0.656250 +29.842864
+0.437500 +0.656250 +29.842885
+0.468750 +0.656250 +29.842915
+0.500000 +0.656250 +29.842953
+0.531250 +0.656250 +29.842999
+0.562500 +0.656250 +29.843052
+0.593750 +0.656250 +29.843112
+0.625000 +0.656250 +29.843179
+0.656250 +0.656250 +29.843251
+0.687500 +0.656250 +29.843328
+0.718750 +0.656250 +29.843409
+0.750000 +0.656250 +29.843494
+0.781250 +0.656250 +29.843581
+0.812500 +0.656250 +29.843670
+0.843750 +0.656250 +29.843760
+0.875000 +0.656250 +29.843850
+0.906250 +0.656250 +29.843939
+0.937500 +0.656250 +29.844026
+0.968750 +0.656250 +29.844111
+1.000000 +0.656250 +29.844191
+1.031250 +0.656250 +29.844268
+1.062500 +0.656250 +29.844340
+1.093750 +0.656250 +29.844405
+1.125000 +0.656250 +29.844464
+1.156250 +0.656250 +29.844517
+1.187500 +0.656250 +29.844561
+1.218750 +0.656250 +29.844598
+1.250000 +0.656250 +29.844626
+1.281250 +0.656250 +29.844646
+1.312500 +0.656250 +29.844656
+1.343750 +0.656250 +29.844658
+1.375000 +0.656250 +29.844651
+1.406250 +0.656250 +29.844634
+1.437500 +0.656250 +29.844609
+1.468750 +0.656250 +29.844575
+1.500000 +0.656250 +29.844533
+1.531250 +0.656250 +29.844484
+1.562500 +0.656250 +29.844426
+1.593750 +0.656250 +29.844362
+1.625000 +0.656250 +29.844292
+1.656250 +0.656250 +29.844216
+1.687500 +0.656250 +29.844136
+1.718750 +0.656250 +29.844052
+1.750000 +0.656250 +29.843964
+1.781250 +0.656250 +29.843875
+1.812500 +0.656250 +29.843784
+1.843750 +0.656250 +29.843692
+1.875000 +0.656250 +29.843602
+1.906250 +0.656250 +29.843513
+1.937500 +0.656250 +29.843430
+1.968750 +0.656250 +29.843081
+2.000000 +0.656250 +29.843261
+0.000000 +0.687500 +29.811892
+0.031250 +0.687500 +29.812055
+0.062500 +0.687500 +29.811992
+0.093750 +0.687500 +29.811931
+0.125000 +0.687500 +29.811875
+0.156250 +0.687500 +29.811826
+0.187500 +0.687500 +29.811783
+0.218750 +0.687500 +29.811747
+0.250000 +0.687500 +29.811719
+0.281250 +0.687500 +29.811698
+0.312500 +0.687500 +29.811685
+0.343750 +0.687500 +29.811681
+0.375000 +0.687500 +29.811684
+0.406250 +0.687500 +29.811695
+0.437500 +0.687500 +29.811715
+0.468750 +0.687500 +29.811742
+0.500000 +0.687500 +29.811776
+0.531250 +0.687500 +29.811818
+0.562500 +0.687500 +29.811866
+0.593750 +0.687500 +29.811921
+0.625000 +0.687500 +29.811981
+0.656250 +0.687500 +29.812047
+0.687500 +0.687500 +29.812117
+0.718750 +0.687500 +29.812191
+0.750000 +0.687500 +29.812268
+0.781250 +0.687500 +29.812347
+0.812500 +0.687500 +29.812428
+0.843750 +0.687500 +29.812510
+0.875000 +0.687500 +29.812591
+0.906250 +0.687500 +29.812672
+0.937500 +0.687500 +29.812751
+0.968750 +0.687500 +29.812828
+1.000000 +0.687500 +29.812901
+1.031250 +0.687500 +29.812971
+1.062500 +0.687500 +29.813036
+1.093750 +0.687500 +29.813095
+1.125000 +0.687500 +29.813149
+1.156250 +0.687500 +29.813197
+1.187500 +0.687500 +29.813237
+1.218750 +0.687500 +29.813270
+1.250000 +0.687500 +29.813296
+1.281250 +0.687500 +29.813314
+1.312500 +0.687500 +29.813324
+1.343750 +0.687500 +29.813325
+1.375000 +0.687500 +29.813318
+1.406250 +0.687500 +29.813303
+1.437500 +0.687500 +29.813281
+1.468750 +0.687500 +29.813250
+1.500000 +0.687500 +29.813212
+1.531250 +0.687500 +29.813166
+1.562500 +0.687500 +29.813115
+1.593750 +0.687500 +29.813056
+1.625000 +0.687500 +29.812993
+1.656250 +0.687500 +29.812924
+1.687500 +0.687500 +29.812851
+1.718750 +0.687500 +29.812774
+1.750000 +0.687500 +29.812695
+1.781250 +0.687500 +29.812613
+1.812500 +0.687500 +29.812531
+1.843750 +0.687500 +29.812448
+1.875000 +0.687500 +29.812365
+1.906250 +0.687500 +29.812284
+1.937500 +0.687500 +29.812209
+1.968750 +0.687500 +29.811892
+2.000000 +0.687500 +29.812055
+0.000000 +0.718750 +29.780711
+0.031250 +0.718750 +29.780855
+0.062500 +0.718750 +29.780800
+0.093750 +0.718750 +29.780745
+0.125000 +0.718750 +29.780696
+0.156250 +0.718750 +29.780652
+0.187500 +0.718750 +29.780614
+0.218750 +0.718750 +29.780582
+0.250000 +0.718750 +29.780557
+0.281250 +0.718750 +29.780539
+0.312500 +0.718750 +29.780528
+0.343750 +0.718750 +29.780523
+0.375000 +0.718750 +29.780526
+0.406250 +0.718750 +29.780536
+0.437500 +0.718750 +29.780554
+0.468750 +0.718750 +29.780578
+0.500000 +0.718750 +29.780608
+0.531250 +0.718750 +29.780645
+0.562500 +0.718750 +29.780688
+0.593750 +0.718750 +29.780737
+0.625000 +0.718750 +29.780790
+0.656250 +0.718750 +29.780848
+0.687500 +0.718750 +29.780911
+0.718750 +0.718750 +29.780976
+0.750000 +0.718750 +29.781044
+0.781250 +0.718750 +29.781115
+0.812500 +0.718750 +29.781186
+0.843750 +0.718750 +29.781259
+0.875000 +0.718750 +29.781331
+0.906250 +0.718750 +29.781403
+0.937500 +0.718750 +29.781473
+0.968750 +0.718750 +29.781541
+1.000000 +0.718750 +29.781606
+1.031250 +0.718750 +29.781668
+1.062500 +0.718750 +29.781726
+1.093750 +0.718750 +29.781778
+1.125000 +0.718750 +29.781826
+1.156250 +0.718750 +29.781868
+1.187500 +0.718750 +29.781904
+1.218750 +0.718750 +29.781934
+1.250000 +0.718750 +29.781956
+1.281250 +0.718750 +29.781972
+1.312500 +0.718750 +29.781981
+1.343750 +0.718750 +29.781982
+1.375000 +0.718750 +29.781976
+1.406250 +0.718750 +29.781963
+1.437500 +0.718750 +29.781943
+1.468750 +0.718750 +29.781915
+1.500000 +0.718750 +29.781882
+1.531250 +0.718750 +29.781841
+1.562500 +0.718750 +29.781795
+1.593750 +0.718750 +29.781744
+1.625000 +0.718750 +29.781687
+1.656250 +0.718750 +29.781626
+1.687500 +0.718750 +29.781561
+1.718750 +0.718750 +29.781493
+1.750000 +0.718750 +29.781423
+1.781250 +0.718750 +29.781351
+1.812500 +0.718750 +29.781277
+1.843750 +0.718750 +29.781204
+1.875000 +0.718750 +29.781130
+1.906250 +0.718750 +29.781059
+1.937500 +0.718750 +29.780993
+1.968750 +0.718750 +29.780711
+2.000000 +0.718750 +29.780855
+0.000000 +0.750000 +29.749535
+0.031250 +0.750000 +29.749659
+0.062500 +0.750000 +29.749612
+0.093750 +0.750000 +29.749565
+0.125000 +0.750000 +29.749523
+0.156250 +0.750000 +29.749485
+0.187500 +0.750000 +29.749452
+0.218750 +0.750000 +29.749425
+0.250000 +0.750000 +29.749403
+0.281250 +0.750000 +29.749387
+0.312500 +0.750000 +29.749377
+0.343750 +0.750000 +29.749374
+0.375000 +0.750000 +29.749376
+0.406250 +0.750000 +29.749385
+0.437500 +0.750000 +29.749400
+0.468750 +0.750000 +29.749421
+0.500000 +0.750000 +29.749447
+0.531250 +0.750000 +29.749479
+0.562500 +0.750000 +29.749516
+0.593750 +0.750000 +29.749558
+0.625000 +0.750000 +29.749604
+0.656250 +0.750000 +29.749654
+0.687500 +0.750000 +29.749708
+0.718750 +0.750000 +29.749764
+0.750000 +0.750000 +29.749823
+0.781250 +0.750000 +29.749884
+0.812500 +0.750000 +29.749946
+0.843750 +0.750000 +29.750008
+0.875000 +0.750000 +29.750071
+0.906250 +0.750000 +29.750133
+0.937500 +0.750000 +29.750193
+0.968750 +0.750000 +29.750252
+1.000000 +0.750000 +29.750308
+1.031250 +0.750000 +29.750361
+1.062500 +0.750000 +29.750411
+1.093750 +0.750000 +29.750457
+1.125000 +0.750000 +29.750498
+1.156250 +0.750000 +29.750534
+1.187500 +0.750000 +29.750565
+1.218750 +0.750000 +29.750590
+1.250000 +0.750000 +29.750610
+1.281250 +0.750000 +29.750624
+1.312500 +0.750000 +29.750631
+1.343750 +0.750000 +29.750632
+1.375000 +0.750000 +29.750627
+1.406250 +0.750000 +29.750616
+1.437500 +0.750000 +29.750598
+1.468750 +0.750000 +29.750575
+1.500000 +0.750000 +29.750545
+1.531250 +0.750000 +29.750511
+1.562500 +0.750000 +29.750471
+1.593750 +0.750000 +29.750426
+1.625000 +0.750000 +29.750378
+1.656250 +0.750000 +29.750325
+1.687500 +0.750000 +29.750269
+1.718750 +0.750000 +29.750210
+1.750000 +0.750000 +29.750150
+1.781250 +0.750000 +29.750087
+1.812500 +0.750000 +29.750024
+1.843750 +0.750000 +29.749960
+1.875000 +0.750000 +29.749897
+1.906250 +0.750000 +29.749835
+1.937500 +0.750000 +29.749779
+1.968750 +0.750000 +29.749535
+2.000000 +0.750000 +29.749659
+0.000000 +0.781250 +29.718366
+0.031250 +0.781250 +29.718469
+0.062500 +0.781250 +29.718430
+0.093750 +0.781250 +29.718391
+0.125000 +0.781250 +29.718355
+0.156250 +0.781250 +29.718324
+0.187500 +0.781250 +29.718297
+0.218750 +0.781250 +29.718274
+0.250000 +0.781250 +29.718256
+0.281250 +0.781250 +29.718243
+0.312500 +0.781250 +29.718235
+0.343750 +0.781250 +29.718232
+0.375000 +0.781250 +29.718234
+0.406250 +0.781250 +29.718241
+0.437500 +0.781250 +29.718253
+0.468750 +0.781250 +29.718271
+0.500000 +0.781250 +29.718293
+0.531250 +0.781250 +29.718319
+0.562500 +0.781250 +29.718350
+0.593750 +0.781250 +29.718385
+0.625000 +0.781250 +29.718424
+0.656250 +0.781250 +29.718466
+0.687500 +0.781250 +29.718510
+0.718750 +0.781250 +29.718557
+0.750000 +0.781250 +29.718606
+0.781250 +0.781250 +29.718657
+0.812500 +0.781250 +29.718709
+0.843750 +0.781250 +29.718761
+0.875000 +0.781250 +29.718813
+0.906250 +0.781250 +29.718864
+0.937500 +0.781250 +29.718915
+0.968750 +0.781250 +29.718964
+1.000000 +0.781250 +29.719010
+1.031250 +0.781250 +29.719055
+1.062500 +0.781250 +29.719096
+1.093750 +0.781250 +29.719134
+1.125000 +0.781250 +29.719169
+1.156250 +0.781250 +29.719199
+1.187500 +0.781250 +29.719225
+1.218750 +0.781250 +29.719246
+1.250000 +0.781250 +29.719262
+1.281250 +0.781250 +29.719273
+1.312500 +0.781250 +29.719280
+1.343750 +0.781250 +29.719281
+1.375000 +0.781250 +29.719276
+1.406250 +0.781250 +29.719267
+1.437500 +0.781250 +29.719252
+1.468750 +0.781250 +29.719233
+1.500000 +0.781250 +29.719208
+1.531250 +0.781250 +29.719179
+1.562500 +0.781250 +29.719146
+1.593750 +0.781250 +29.719109
+1.625000 +0.781250 +29.719068
+1.656250 +0.781250 +29.719024
+1.687500 +0.781250 +29.718978
+1.718750 +0.781250 +29.718929
+1.750000 +0.781250 +29.718878
+1.781250 +0.781250 +29.718826
+1.812500 +0.781250 +29.718773
+1.843750 +0.781250 +29.718720
+1.875000 +0.781250 +29.718668
+1.906250 +0.781250 +29.718616
+1.937500 +0.781250 +29.718569
+1.968750 +0.781250 +29.718366
+2.000000 +0.781250 +29.718469
+0.000000 +0.812500 +29.687213
+0.031250 +0.812500 +29.687296
+0.062500 +0.812500 +29.687264
+0.093750 +0.812500 +29.687233
+0.125000 +0.812500 +29.687205
+0.156250 +0.812500 +29.687180
+0.187500 +0.812500 +29.687158
+0.218750 +0.812500 +29.687140
+0.250000 +0.812500 +29.687125
+0.281250 +0.812500 +29.687115
+0.312500 +0.812500 +29.687109
+0.343750 +0.812500 +29.687106
+0.375000 +0.812500 +29.687108
+0.406250 +0.812500 +29.687114
+0.437500 +0.812500 +29.687124
+0.468750 +0.812500 +29.687137
+0.500000 +0.812500 +29.687155
+0.531250 +0.812500 +29.687176
+0.562500 +0.812500 +29.687201
+0.593750 +0.812500 +29.687229
+0.625000 +0.812500 +29.687260
+0.656250 +0.812500 +29.687293
+0.687500 +0.812500 +29.687329
+0.718750 +0.812500 +29.687366
+0.750000 +0.812500 +29.687405
+0.781250 +0.812500 +29.687446
+0.812500 +0.812500 +29.687487
+0.843750 +0.812500 +29.687528
+0.875000 +0.812500 +29.687570
+0.906250 +0.812500 +29.687611
+0.937500 +0.812500 +29.687651
+0.968750 +0.812500 +29.687690
+1.000000 +0.812500 +29.687728
+1.031250 +0.812500 +29.687763
+1.062500 +0.812500 +29.687796
+1.093750 +0.812500 +29.687826
+1.125000 +0.812500 +29.687854
+1.156250 +0.812500 +29.687878
+1.187500 +0.812500 +29.687898
+1.218750 +0.812500 +29.687915
+1.250000 +0.812500 +29.687928
+1.281250 +0.812500 +29.687937
+1.312500 +0.812500 +29.687942
+1.343750 +0.812500 +29.687943
+1.375000 +0.812500 +29.687940
+1.406250 +0.812500 +29.687932
+1.437500 +0.812500 +29.687920
+1.468750 +0.812500 +29.687905
+1.500000 +0.812500 +29.687885
+1.531250 +0.812500 +29.687862
+1.562500 +0.812500 +29.687836
+1.593750 +0.812500 +29.687806
+1.625000 +0.812500 +29.687774
+1.656250 +0.812500 +29.687739
+1.687500 +0.812500 +29.687701
+1.718750 +0.812500 +29.687662
+1.750000 +0.812500 +29.687622
+1.781250 +0.812500 +29.687580
+1.812500 +0.812500 +29.687538
+1.843750 +0.812500 +29.687496
+1.875000 +0.812500 +29.687454
+1.906250 +0.812500 +29.687413
+1.937500 +0.812500 +29.687375
+1.968750 +0.812500 +29.687213
+2.000000 +0.812500 +29.687296
+0.000000 +0.843750 +29.656132
+0.031250 +0.843750 +29.656195
+0.062500 +0.843750 +29.656171
+0.093750 +0.843750 +29.656148
+0.125000 +0.843750 +29.656126
+0.156250 +0.843750 +29.656108
+0.187500 +0.843750 +29.656091
+0.218750 +0.843750 +29.656078
+0.250000 +0.843750 +29.656067
+0.281250 +0.843750 +29.656059
+0.312500 +0.843750 +29.656054
+0.343750 +0.843750 +29.656053
+0.375000 +0.843750 +29.656054
+0.406250 +0.843750 +29.656058
+0.437500 +0.843750 +29.656066
+0.468750 +0.843750 +29.656076
+0.500000 +0.843750 +29.656089
+0.531250 +0.843750 +29.656105
+0.562500 +0.843750 +29.656124
+0.593750 +0.843750 +29.656145
+0.625000 +0.843750 +29.656168
+0.656250 +0.843750 +29.656193
+0.687500 +0.843750 +29.656220
+0.718750 +0.843750 +29.656248
+0.750000 +0.843750 +29.656277
+0.781250 +0.843750 +29.656307
+0.812500 +0.843750 +29.656338
+0.843750 +0.843750 +29.656370
+0.875000 +0.843750 +29.656401
+0.906250 +0.843750 +29.656432
+0.937500 +0.843750 +29.656462
+0.968750 +0.843750 +29.656491
+1.000000 +0.843750 +29.656519
+1.031250 +0.843750 +29.656546
+1.062500 +0.843750 +29.656570
+1.093750 +0.843750 +29.656593
+1.125000 +0.843750 +29.656614
+1.156250 +0.843750 +29.656632
+1.187500 +0.843750 +29.656647
+1.218750 +0.843750 +29.656660
+1.250000 +0.843750 +29.656670
+1.281250 +0.843750 +29.656677
+1.312500 +0.843750 +29.656680
+1.343750 +0.843750 +29.656681
+1.375000 +0.843750 +29.656678
+1.406250 +0.843750 +29.656673
+1.437500 +0.843750 +29.656664
+1.468750 +0.843750 +29.656652
+1.500000 +0.843750 +29.656637
+1.531250 +0.843750 +29.656620
+1.562500 +0.843750 +29.656600
+1.593750 +0.843750 +29.656578
+1.625000 +0.843750 +29.656554
+1.656250 +0.843750 +29.656527
+1.687500 +0.843750 +29.656499
+1.718750 +0.843750 +29.656470
+1.750000 +0.843750 +29.656440
+1.781250 +0.843750 +29.656408
+1.812500 +0.843750 +29.656377
+1.843750 +0.843750 +29.656345
+1.875000 +0.843750 +29.656313
+1.906250 +0.843750 +29.656282
+1.937500 +0.843750 +29.656254
+1.968750 +0.843750 +29.656132
+2.000000 +0.843750 +29.656195
+0.000000 +0.875000 +29.625351
+0.031250 +0.875000 +29.625394
+0.062500 +0.875000 +29.625377
+0.093750 +0.875000 +29.625361
+0.125000 +0.875000 +29.625347
+0.156250 +0.875000 +29.625334
+0.187500 +0.875000 +29.625323
+0.218750 +0.875000 +29.625314
+0.250000 +0.875000 +29.625306
+0.281250 +0.875000 +29.625301
+0.312500 +0.875000 +29.625298
+0.343750 +0.875000 +29.625296
+0.375000 +0.875000 +29.625297
+0.406250 +0.875000 +29.625300
+0.437500 +0.875000 +29.625305
+0.468750 +0.875000 +29.625312
+0.500000 +0.875000 +29.625322
+0.531250 +0.875000 +29.625332
+0.562500 +0.875000 +29.625345
+0.593750 +0.875000 +29.625359
+0.625000 +0.875000 +29.625375
+0.656250 +0.875000 +29.625392
+0.687500 +0.875000 +29.625411
+0.718750 +0.875000 +29.625430
+0.750000 +0.875000 +29.625450
+0.781250 +0.875000 +29.625471
+0.812500 +0.875000 +29.625492
+0.843750 +0.875000 +29.625513
+0.875000 +0.875000 +29.625535
+0.906250 +0.875000 +29.625556
+0.937500 +0.875000 +29.625576
+0.968750 +0.875000 +29.625596
+1.000000 +0.875000 +29.625616
+1.031250 +0.875000 +29.625634
+1.062500 +0.875000 +29.625651
+1.093750 +0.875000 +29.625666
+1.125000 +0.875000 +29.625680
+1.156250 +0.875000 +29.625693
+1.187500 +0.875000 +29.625703
+1.218750 +0.875000 +29.625712
+1.250000 +0.875000 +29.625719
+1.281250 +0.875000 +29.625723
+1.312500 +0.875000 +29.625726
+1.343750 +0.875000 +29.625726
+1.375000 +0.875000 +29.625724
+1.406250 +0.875000 +29.625720
+1.437500 +0.875000 +29.625714
+1.468750 +0.875000 +29.625706
+1.500000 +0.875000 +29.625696
+1.531250 +0.875000 +29.625685
+1.562500 +0.875000 +29.625671
+1.593750 +0.875000 +29.625656
+1.625000 +0.875000 +29.625639
+1.656250 +0.875000 +29.625621
+1.687500 +0.875000 +29.625602
+1.718750 +0.875000 +29.625582
+1.750000 +0.875000 +29.625561
+1.781250 +0.875000 +29.625540
+1.812500 +0.875000 +29.625518
+1.843750 +0.875000 +29.625496
+1.875000 +0.875000 +29.625475
+1.906250 +0.875000 +29.625453
+1.937500 +0.875000 +29.625434
+1.968750 +0.875000 +29.625351
+2.000000 +0.875000 +29.625394
+0.000000 +0.906250 +29.595620
+0.031250 +0.906250 +29.595645
+0.062500 +0.906250 +29.595636
+0.093750 +0.906250 +29.595627
+0.125000 +0.906250 +29.595618
+0.156250 +0.906250 +29.595611
+0.187500 +0.906250 +29.595604
+0.218750 +0.906250 +29.595599
+0.250000 +0.906250 +29.595594
+0.281250 +0.906250 +29.595591
+0.312500 +0.906250 +29.595589
+0.343750 +0.906250 +29.595589
+0.375000 +0.906250 +29.595589
+0.406250 +0.906250 +29.595591
+0.437500 +0.906250 +29.595594
+0.468750 +0.906250 +29.595598
+0.500000 +0.906250 +29.595603
+0.531250 +0.906250 +29.595610
+0.562500 +0.906250 +29.595617
+0.593750 +0.906250 +29.595626
+0.625000 +0.906250 +29.595635
+0.656250 +0.906250 +29.595645
+0.687500 +0.906250 +29.595655
+0.718750 +0.906250 +29.595667
+0.750000 +0.906250 +29.595679
+0.781250 +0.906250 +29.595691
+0.812500 +0.906250 +29.595703
+0.843750 +0.906250 +29.595715
+0.875000 +0.906250 +29.595728
+0.906250 +0.906250 +29.595740
+0.937500 +0.906250 +29.595752
+0.968750 +0.906250 +29.595764
+1.000000 +0.906250 +29.595775
+1.031250 +0.906250 +29.595786
+1.062500 +0.906250 +29.595796
+1.093750 +0.906250 +29.595805
+1.125000 +0.906250 +29.595813
+1.156250 +0.906250 +29.595820
+1.187500 +0.906250 +29.595826
+1.218750 +0.906250 +29.595831
+1.250000 +0.906250 +29.595835
+1.281250 +0.906250 +29.595838
+1.312500 +0.906250 +29.595839
+1.343750 +0.906250 +29.595839
+1.375000 +0.906250 +29.595838
+1.406250 +0.906250 +29.595836
+1.437500 +0.906250 +29.595833
+1.468750 +0.906250 +29.595828
+1.500000 +0.906250 +29.595822
+1.531250 +0.906250 +29.595815
+1.562500 +0.906250 +29.595807
+1.593750 +0.906250 +29.595798
+1.625000 +0.906250 +29.595789
+1.656250 +0.906250 +29.595778
+1.687500 +0.906250 +29.595767
+1.718750 +0.906250 +29.595755
+1.750000 +0.906250 +29.595743
+1.781250 +0.906250 +29.595731
+1.812500 +0.906250 +29.595718
+1.843750 +0.906250 +29.595705
+1.875000 +0.906250 +29.595693
+1.906250 +0.906250 +29.595680
+1.937500 +0.906250 +29.595669
+1.968750 +0.906250 +29.595620
+2.000000 +0.906250 +29.595645
+0.000000 +0.937500 +29.568934
+0.031250 +0.937500 +29.568945
+0.062500 +0.937500 +29.568941
+0.093750 +0.937500 +29.568937
+0.125000 +0.937500 +29.568934
+0.156250 +0.937500 +29.568930
+0.187500 +0.937500 +29.568928
+0.218750 +0.937500 +29.568925
+0.250000 +0.937500 +29.568923
+0.281250 +0.937500 +29.568922
+0.312500 +0.937500 +29.568921
+0.343750 +0.937500 +29.568921
+0.375000 +0.937500 +29.568921
+0.406250 +0.937500 +29.568922
+0.437500 +0.937500 +29.568923
+0.468750 +0.937500 +29.568925
+0.500000 +0.937500 +29.568927
+0.531250 +0.937500 +29.568930
+0.562500 +0.937500 +29.568933
+0.593750 +0.937500 +29.568937
+0.625000 +0.937500 +29.568941
+0.656250 +0.937500 +29.568945
+0.687500 +0.937500 +29.568950
+0.718750 +0.937500 +29.568955
+0.750000 +0.937500 +29.568960
+0.781250 +0.937500 +29.568965
+0.812500 +0.937500 +29.568971
+0.843750 +0.937500 +29.568976
+0.875000 +0.937500 +29.568982
+0.906250 +0.937500 +29.568987
+0.937500 +0.937500 +29.568992
+0.968750 +0.937500 +29.568997
+1.000000 +0.937500 +29.569002
+1.031250 +0.937500 +29.569007
+1.062500 +0.937500 +29.569011
+1.093750 +0.937500 +29.569015
+1.125000 +0.937500 +29.569019
+1.156250 +0.937500 +29.569022
+1.187500 +0.937500 +29.569024
+1.218750 +0.937500 +29.569027
+1.250000 +0.937500 +29.569028
+1.281250 +0.937500 +29.569029
+1.312500 +0.937500 +29.569030
+1.343750 +0.937500 +29.569030
+1.375000 +0.937500 +29.569030
+1.406250 +0.937500 +29.569029
+1.437500 +0.937500 +29.569027
+1.468750 +0.937500 +29.569025
+1.500000 +0.937500 +29.569023
+1.531250 +0.937500 +29.569020
+1.562500 +0.937500 +29.569016
+1.593750 +0.937500 +29.569012
+1.625000 +0.937500 +29.569008
+1.656250 +0.937500 +29.569003
+1.687500 +0.937500 +29.568998
+1.718750 +0.937500 +29.568993
+1.750000 +0.937500 +29.568988
+1.781250 +0.937500 +29.568983
+1.812500 +0.937500 +29.568977
+1.843750 +0.937500 +29.568972
+1.875000 +0.937500 +29.568966
+1.906250 +0.937500 +29.568961
+1.937500 +0.937500 +29.568956
+1.968750 +0.937500 +29.568934
+2.000000 +0.937500 +29.568945
+0.000000 +0.968750 +29.549258
+0.031250 +0.968750 +29.549261
+0.062500 +0.968750 +29.549260
+0.093750 +0.968750 +29.549259
+0.125000 +0.968750 +29.549258
+0.156250 +0.968750 +29.549258
+0.187500 +0.968750 +29.549257
+0.218750 +0.968750 +29.549256
+0.250000 +0.968750 +29.549256
+0.281250 +0.968750 +29.549255
+0.312500 +0.968750 +29.549255
+0.343750 +0.968750 +29.549255
+0.375000 +0.968750 +29.549255
+0.406250 +0.968750 +29.549255
+0.437500 +0.968750 +29.549256
+0.468750 +0.968750 +29.549256
+0.500000 +0.968750 +29.549257
+0.531250 +0.968750 +29.549258
+0.562500 +0.968750 +29.549258
+0.593750 +0.968750 +29.549259
+0.625000 +0.968750 +29.549260
+0.656250 +0.968750 +29.549261
+0.687500 +0.968750 +29.549263
+0.718750 +0.968750 +29.549264
+0.750000 +0.968750 +29.549265
+0.781250 +0.968750 +29.549266
+0.812500 +0.968750 +29.549268
+0.843750 +0.968750 +29.549269
+0.875000 +0.968750 +29.549270
+0.906250 +0.968750 +29.549272
+0.937500 +0.968750 +29.549273
+0.968750 +0.968750 +29.549274
+1.000000 +0.968750 +29.549276
+1.031250 +0.968750 +29.549277
+1.062500 +0.968750 +29.549278
+1.093750 +0.968750 +29.549279
+1.125000 +0.968750 +29.549280
+1.156250 +0.968750 +29.549281
+1.187500 +0.968750 +29.549281
+1.218750 +0.968750 +29.549282
+1.250000 +0.968750 +29.549282
+1.281250 +0.968750 +29.549282
+1.312500 +0.968750 +29.549283
+1.343750 +0.968750 +29.549283
+1.375000 +0.968750 +29.549282
+1.406250 +0.968750 +29.549282
+1.437500 +0.968750 +29.549282
+1.468750 +0.968750 +29.549281
+1.500000 +0.968750 +29.549281
+1.531250 +0.968750 +29.549280
+1.562500 +0.968750 +29.549279
+1.593750 +0.968750 +29.549278
+1.625000 +0.968750 +29.549277
+1.656250 +0.968750 +29.549276
+1.687500 +0.968750 +29.549275
+1.718750 +0.968750 +29.549273
+1.750000 +0.968750 +29.549272
+1.781250 +0.968750 +29.549271
+1.812500 +0.968750 +29.549269
+1.843750 +0.968750 +29.549268
+1.875000 +0.968750 +29.549266
+1.906250 +0.968750 +29.549265
+1.937500 +0.968750 +29.549264
+1.968750 +0.968750 +29.549258
+2.000000 +0.968750 +29.549261
+0.000000 +1.000000 +29.541775
+0.031250 +1.000000 +29.541776
+0.062500 +1.000000 +29.541776
+0.093750 +1.000000 +29.541775
+0.125000 +1.000000 +29.541775
+0.156250 +1.000000 +29.541775
+0.187500 +1.000000 +29.541775
+0.218750 +1.000000 +29.541775
+0.250000 +1.000000 +29.541775
+0.281250 +1.000000 +29.541775
+0.312500 +1.000000 +29.541775
+0.343750 +1.000000 +29.541775
+0.375000 +1.000000 +29.541775
+0.406250 +1.000000 +29.541775
+0.437500 +1.000000 +29.541775
+0.468750 +1.000000 +29.541775
+0.500000 +1.000000 +29.541775
+0.531250 +1.000000 +29.541775
+0.562500 +1.000000 +29.541775
+0.593750 +1.000000 +29.541776
+0.625000 +1.000000 +29.541776
+0.656250 +1.000000 +29.541776
+0.687500 +1.000000 +29.541776
+0.718750 +1.000000 +29.541776
+0.750000 +1.000000 +29.541776
+0.781250 +1.000000 +29.541777
+0.812500 +1.000000 +29.541777
+0.843750 +1.000000 +29.541777
+0.875000 +1.000000 +29.541777
+0.906250 +1.000000 +29.541777
+0.937500 +1.000000 +29.541778
+0.968750 +1.000000 +29.541778
+1.000000 +1.000000 +29.541778
+1.031250 +1.000000 +29.541778
+1.062500 +1.000000 +29.541778
+1.093750 +1.000000 +29.541778
+1.125000 +1.000000 +29.541778
+1.156250 +1.000000 +29.541779
+1.187500 +1.000000 +29.541779
+1.218750 +1.000000 +29.541779
+1.250000 +1.000000 +29.541779
+1.281250 +1.000000 +29.541779
+1.312500 +1.000000 +29.541779
+1.343750 +1.000000 +29.541779
+1.375000 +1.000000 +29.541779
+1.406250 +1.000000 +29.541779
+1.437500 +1.000000 +29.541779
+1.468750 +1.000000 +29.541779
+1.500000 +1.000000 +29.541779
+1.531250 +1.000000 +29.541778
+1.562500 +1.000000 +29.541778
+1.593750 +1.000000 +29.541778
+1.625000 +1.000000 +29.541778
+1.656250 +1.000000 +29.541778
+1.687500 +1.000000 +29.541778
+1.718750 +1.000000 +29.541777
+1.750000 +1.000000 +29.541777
+1.781250 +1.000000 +29.541777
+1.812500 +1.000000 +29.541777
+1.843750 +1.000000 +29.541777
+1.875000 +1.000000 +29.541776
+1.906250 +1.000000 +29.541776
+1.937500 +1.000000 +29.541776
+1.968750 +1.000000 +29.541775
+2.000000 +1.000000 +29.541776
