+0.000000 +0.000000 +0.042171
+0.031250 +0.000000 +0.043415
+0.062500 +0.000000 +0.042210
+0.093750 +0.000000 +0.040443
+0.125000 +0.000000 +0.038172
+0.156250 +0.000000 +0.035440
+0.187500 +0.000000 +0.032328
+0.218750 +0.000000 +0.028498
+0.250000 +0.000000 +0.025424
+0.281250 +0.000000 +0.020731
+0.312500 +0.000000 +0.017087
+0.343750 +0.000000 +0.012279
+0.375000 +0.000000 +0.008267
+0.406250 +0.000000 +0.003439
+0.437500 +0.000000 -0.000727
+0.468750 +0.000000 -0.005425
+0.500000 +0.000000 -0.009553
+0.531250 +0.000000 -0.013962
+0.562500 +0.000000 -0.017866
+0.593750 +0.000000 -0.021840
+0.625000 +0.000000 -0.025373
+0.656250 +0.000000 -0.028777
+0.687500 +0.000000 -0.031816
+0.718750 +0.000000 -0.034541
+0.750000 +0.000000 -0.036972
+0.781250 +0.000000 -0.038937
+0.812500 +0.000000 -0.040666
+0.843750 +0.000000 -0.041804
+0.875000 +0.000000 -0.042747
+0.906250 +0.000000 -0.043883
+0.937500 +0.000000 -0.042826
+0.968750 +0.000000 -0.043233
+1.000000 +0.000000 -0.041786
+1.031250 +0.000000 -0.041547
+1.062500 +0.000000 -0.039054
+1.093750 +0.000000 -0.038256
+1.125000 +0.000000 -0.034801
+1.156250 +0.000000 -0.033537
+1.187500 +0.000000 -0.029232
+1.218750 +0.000000 -0.027574
+1.250000 +0.000000 -0.022507
+1.281250 +0.000000 -0.020561
+1.312500 +0.000000 -0.014885
+1.343750 +0.000000 -0.012775
+1.375000 +0.000000 -0.006630
+1.406250 +0.000000 -0.004511
+1.437500 +0.000000 +0.001973
+1.468750 +0.000000 +0.004034
+1.500000 +0.000000 +0.010628
+1.531250 +0.000000 +0.012465
+1.562500 +0.000000 +0.019002
+1.593750 +0.000000 +0.020488
+1.625000 +0.000000 +0.026703
+1.656250 +0.000000 +0.027765
+1.687500 +0.000000 +0.033476
+1.718750 +0.000000 +0.033919
+1.750000 +0.000000 +0.038952
+1.781250 +0.000000 +0.038827
+1.812500 +0.000000 +0.042957
+1.843750 +0.000000 +0.042154
+1.875000 +0.000000 +0.045117
+1.906250 +0.000000 +0.043451
+1.937500 +0.000000 +0.044932
+1.968750 +0.000000 +0.042170
+2.000000 +0.000000 +0.043416
+0.000000 +0.031250 +0.034240
+0.031250 +0.031250 +0.034052
+0.062500 +0.031250 +0.033241
+0.093750 +0.031250 +0.031942
+0.125000 +0.031250 +0.030224
+0.156250 +0.031250 +0.028127
+0.187500 +0.031250 +0.025691
+0.218750 +0.031250 +0.022921
+0.250000 +0.031250 +0.020103
+0.281250 +0.031250 +0.016828
+0.312500 +0.031250 +0.013603
+0.343750 +0.031250 +0.010085
+0.375000 +0.031250 +0.006639
+0.406250 +0.031250 +0.003016
+0.437500 +0.031250 -0.000500
+0.468750 +0.031250 -0.004086
+0.500000 +0.031250 -0.007526
+0.531250 +0.031250 -0.010938
+0.562500 +0.031250 -0.014164
+0.593750 +0.031250 -0.017278
+0.625000 +0.031250 -0.020171
+0.656250 +0.031250 -0.022874
+0.687500 +0.031250 -0.025332
+0.718750 +0.031250 -0.027535
+0.750000 +0.031250 -0.029472
+0.781250 +0.031250 -0.031102
+0.812500 +0.031250 -0.032458
+0.843750 +0.031250 -0.033474
+0.875000 +0.031250 -0.034238
+0.906250 +0.031250 -0.034754
+0.937500 +0.031250 -0.034581
+0.968750 +0.031250 -0.034420
+1.000000 +0.031250 -0.033720
+1.031250 +0.031250 -0.032981
+1.062500 +0.031250 -0.031611
+1.093750 +0.031250 -0.030294
+1.125000 +0.031250 -0.028294
+1.156250 +0.031250 -0.026459
+1.187500 +0.031250 -0.023905
+1.218750 +0.031250 -0.021622
+1.250000 +0.031250 -0.018591
+1.281250 +0.031250 -0.015951
+1.312500 +0.031250 -0.012548
+1.343750 +0.031250 -0.009656
+1.375000 +0.031250 -0.005993
+1.406250 +0.031250 -0.002965
+1.437500 +0.031250 +0.000849
+1.468750 +0.031250 +0.003912
+1.500000 +0.031250 +0.007735
+1.531250 +0.031250 +0.010696
+1.562500 +0.031250 +0.014392
+1.593750 +0.031250 +0.017119
+1.625000 +0.031250 +0.020533
+1.656250 +0.031250 +0.022911
+1.687500 +0.031250 +0.025909
+1.718750 +0.031250 +0.027800
+1.750000 +0.031250 +0.030264
+1.781250 +0.031250 +0.031603
+1.812500 +0.031250 +0.033409
+1.843750 +0.031250 +0.034078
+1.875000 +0.031250 +0.035079
+1.906250 +0.031250 +0.034956
+1.937500 +0.031250 +0.035063
+1.968750 +0.031250 +0.034240
+2.000000 +0.031250 +0.034052
+0.000000 +0.062500 +0.025792
+0.031250 +0.062500 +0.025423
+0.062500 +0.062500 +0.024847
+0.093750 +0.062500 +0.023947
+0.125000 +0.062500 +0.022732
+0.156250 +0.062500 +0.021226
+0.187500 +0.062500 +0.019455
+0.218750 +0.062500 +0.017452
+0.250000 +0.062500 +0.015290
+0.281250 +0.062500 +0.012916
+0.312500 +0.062500 +0.010445
+0.343750 +0.062500 +0.007844
+0.375000 +0.062500 +0.005200
+0.406250 +0.062500 +0.002492
+0.437500 +0.062500 -0.000208
+0.468750 +0.062500 -0.002908
+0.500000 +0.062500 -0.005550
+0.531250 +0.062500 -0.008135
+0.562500 +0.062500 -0.010615
+0.593750 +0.062500 -0.012987
+0.625000 +0.062500 -0.015214
+0.656250 +0.062500 -0.017283
+0.687500 +0.062500 -0.019173
+0.718750 +0.062500 -0.020870
+0.750000 +0.062500 -0.022360
+0.781250 +0.062500 -0.023629
+0.812500 +0.062500 -0.024677
+0.843750 +0.062500 -0.025487
+0.875000 +0.062500 -0.026070
+0.906250 +0.062500 -0.026408
+0.937500 +0.062500 -0.026417
+0.968750 +0.062500 -0.026236
+1.000000 +0.062500 -0.025781
+1.031250 +0.062500 -0.025136
+1.062500 +0.062500 -0.024199
+1.093750 +0.062500 -0.023092
+1.125000 +0.062500 -0.021697
+1.156250 +0.062500 -0.020168
+1.187500 +0.062500 -0.018367
+1.218750 +0.062500 -0.016475
+1.250000 +0.062500 -0.014330
+1.281250 +0.062500 -0.012143
+1.312500 +0.062500 -0.009731
+1.343750 +0.062500 -0.007329
+1.375000 +0.062500 -0.004735
+1.406250 +0.062500 -0.002207
+1.437500 +0.062500 +0.000482
+1.468750 +0.062500 +0.003047
+1.500000 +0.062500 +0.005727
+1.531250 +0.062500 +0.008224
+1.562500 +0.062500 +0.010790
+1.593750 +0.062500 +0.013113
+1.625000 +0.062500 +0.015456
+1.656250 +0.062500 +0.017502
+1.687500 +0.062500 +0.019518
+1.718750 +0.062500 +0.021187
+1.750000 +0.062500 +0.022784
+1.781250 +0.062500 +0.024000
+1.812500 +0.062500 +0.025091
+1.843750 +0.062500 +0.025764
+1.875000 +0.062500 +0.026260
+1.906250 +0.062500 +0.026328
+1.937500 +0.062500 +0.026221
+1.968750 +0.062500 +0.025792
+2.000000 +0.062500 +0.025423
+0.000000 +0.093750 +0.017549
+0.031250 +0.093750 +0.017255
+0.062500 +0.093750 +0.016951
+0.093750 +0.093750 +0.016428
+0.125000 +0.093750 +0.015684
+0.156250 +0.093750 +0.014728
+0.187500 +0.093750 +0.013574
+0.218750 +0.093750 +0.012248
+0.250000 +0.093750 +0.010779
+0.281250 +0.093750 +0.009173
+0.312500 +0.093750 +0.007469
+0.343750 +0.093750 +0.005680
+0.375000 +0.093750 +0.003837
+0.406250 +0.093750 +0.001952
+0.437500 +0.093750 +0.000057
+0.468750 +0.093750 -0.001834
+0.500000 +0.093750 -0.003698
+0.531250 +0.093750 -0.005521
+0.562500 +0.093750 -0.007280
+0.593750 +0.093750 -0.008961
+0.625000 +0.093750 -0.010545
+0.656250 +0.093750 -0.012017
+0.687500 +0.093750 -0.013365
+0.718750 +0.093750 -0.014580
+0.750000 +0.093750 -0.015649
+0.781250 +0.093750 -0.016567
+0.812500 +0.093750 -0.017326
+0.843750 +0.093750 -0.017919
+0.875000 +0.093750 -0.018344
+0.906250 +0.093750 -0.018588
+0.937500 +0.093750 -0.018635
+0.968750 +0.093750 -0.018516
+1.000000 +0.093750 -0.018219
+1.031250 +0.093750 -0.017760
+1.062500 +0.093750 -0.017125
+1.093750 +0.093750 -0.016335
+1.125000 +0.093750 -0.015377
+1.156250 +0.093750 -0.014283
+1.187500 +0.093750 -0.013038
+1.218750 +0.093750 -0.011682
+1.250000 +0.093750 -0.010196
+1.281250 +0.093750 -0.008627
+1.312500 +0.093750 -0.006952
+1.343750 +0.093750 -0.005225
+1.375000 +0.093750 -0.003422
+1.406250 +0.093750 -0.001600
+1.437500 +0.093750 +0.000265
+1.468750 +0.093750 +0.002113
+1.500000 +0.093750 +0.003969
+1.531250 +0.093750 +0.005767
+1.562500 +0.093750 +0.007535
+1.593750 +0.093750 +0.009204
+1.625000 +0.093750 +0.010806
+1.656250 +0.093750 +0.012272
+1.687500 +0.093750 +0.013631
+1.718750 +0.093750 +0.014817
+1.750000 +0.093750 +0.015865
+1.781250 +0.093750 +0.016709
+1.812500 +0.093750 +0.017382
+1.843750 +0.093750 +0.017823
+1.875000 +0.093750 +0.018067
+1.906250 +0.093750 +0.018074
+1.937500 +0.093750 +0.017901
+1.968750 +0.093750 +0.017549
+2.000000 +0.093750 +0.017255
+0.000000 +0.125000 +0.009694
+0.031250 +0.125000 +0.009527
+0.062500 +0.125000 +0.009522
+0.093750 +0.125000 +0.009370
+0.125000 +0.125000 +0.009070
+0.156250 +0.125000 +0.008626
+0.187500 +0.125000 +0.008046
+0.218750 +0.125000 +0.007344
+0.250000 +0.125000 +0.006535
+0.281250 +0.125000 +0.005633
+0.312500 +0.125000 +0.004655
+0.343750 +0.125000 +0.003615
+0.375000 +0.125000 +0.002530
+0.406250 +0.125000 +0.001412
+0.437500 +0.125000 +0.000278
+0.468750 +0.125000 -0.000860
+0.500000 +0.125000 -0.001989
+0.531250 +0.125000 -0.003098
+0.562500 +0.125000 -0.004174
+0.593750 +0.125000 -0.005206
+0.625000 +0.125000 -0.006183
+0.656250 +0.125000 -0.007092
+0.687500 +0.125000 -0.007928
+0.718750 +0.125000 -0.008686
+0.750000 +0.125000 -0.009358
+0.781250 +0.125000 -0.009938
+0.812500 +0.125000 -0.010424
+0.843750 +0.125000 -0.010808
+0.875000 +0.125000 -0.011087
+0.906250 +0.125000 -0.011255
+0.937500 +0.125000 -0.011308
+0.968750 +0.125000 -0.011254
+1.000000 +0.125000 -0.011092
+1.031250 +0.125000 -0.010825
+1.062500 +0.125000 -0.010452
+1.093750 +0.125000 -0.009980
+1.125000 +0.125000 -0.009408
+1.156250 +0.125000 -0.008746
+1.187500 +0.125000 -0.007996
+1.218750 +0.125000 -0.007172
+1.250000 +0.125000 -0.006274
+1.281250 +0.125000 -0.005315
+1.312500 +0.125000 -0.004299
+1.343750 +0.125000 -0.003241
+1.375000 +0.125000 -0.002144
+1.406250 +0.125000 -0.001028
+1.437500 +0.125000 +0.000106
+1.468750 +0.125000 +0.001239
+1.500000 +0.125000 +0.002364
+1.531250 +0.125000 +0.003460
+1.562500 +0.125000 +0.004524
+1.593750 +0.125000 +0.005534
+1.625000 +0.125000 +0.006486
+1.656250 +0.125000 +0.007359
+1.687500 +0.125000 +0.008148
+1.718750 +0.125000 +0.008832
+1.750000 +0.125000 +0.009409
+1.781250 +0.125000 +0.009861
+1.812500 +0.125000 +0.010184
+1.843750 +0.125000 +0.010362
+1.875000 +0.125000 +0.010398
+1.906250 +0.125000 +0.010288
+1.937500 +0.125000 +0.010050
+1.968750 +0.125000 +0.009694
+2.000000 +0.125000 +0.009527
+0.000000 +0.156250 +0.002295
+0.031250 +0.156250 +0.002261
+0.062500 +0.156250 +0.002563
+0.093750 +0.156250 +0.002770
+0.125000 +0.156250 +0.002891
+0.156250 +0.156250 +0.002925
+0.187500 +0.156250 +0.002876
+0.218750 +0.156250 +0.002751
+0.250000 +0.156250 +0.002558
+0.281250 +0.156250 +0.002306
+0.312500 +0.156250 +0.002004
+0.343750 +0.156250 +0.001659
+0.375000 +0.156250 +0.001281
+0.406250 +0.156250 +0.000876
+0.437500 +0.156250 +0.000452
+0.468750 +0.156250 +0.000016
+0.500000 +0.156250 -0.000427
+0.531250 +0.156250 -0.000870
+0.562500 +0.156250 -0.001306
+0.593750 +0.156250 -0.001730
+0.625000 +0.156250 -0.002137
+0.656250 +0.156250 -0.002518
+0.687500 +0.156250 -0.002875
+0.718750 +0.156250 -0.003204
+0.750000 +0.156250 -0.003501
+0.781250 +0.156250 -0.003763
+0.812500 +0.156250 -0.003989
+0.843750 +0.156250 -0.004176
+0.875000 +0.156250 -0.004317
+0.906250 +0.156250 -0.004413
+0.937500 +0.156250 -0.004463
+0.968750 +0.156250 -0.004467
+1.000000 +0.156250 -0.004426
+1.031250 +0.156250 -0.004338
+1.062500 +0.156250 -0.004205
+1.093750 +0.156250 -0.004030
+1.125000 +0.156250 -0.003813
+1.156250 +0.156250 -0.003557
+1.187500 +0.156250 -0.003264
+1.218750 +0.156250 -0.002939
+1.250000 +0.156250 -0.002582
+1.281250 +0.156250 -0.002199
+1.312500 +0.156250 -0.001790
+1.343750 +0.156250 -0.001362
+1.375000 +0.156250 -0.000919
+1.406250 +0.156250 -0.000466
+1.437500 +0.156250 -0.000007
+1.468750 +0.156250 +0.000450
+1.500000 +0.156250 +0.000900
+1.531250 +0.156250 +0.001334
+1.562500 +0.156250 +0.001748
+1.593750 +0.156250 +0.002134
+1.625000 +0.156250 +0.002488
+1.656250 +0.156250 +0.002799
+1.687500 +0.156250 +0.003062
+1.718750 +0.156250 +0.003268
+1.750000 +0.156250 +0.003413
+1.781250 +0.156250 +0.003488
+1.812500 +0.156250 +0.003488
+1.843750 +0.156250 +0.003408
+1.875000 +0.156250 +0.003246
+1.906250 +0.156250 +0.003002
+1.937500 +0.156250 +0.002684
+1.968750 +0.156250 +0.002295
+2.000000 +0.156250 +0.002261
+0.000000 +0.187500 -0.004606
+0.031250 +0.187500 -0.004515
+0.062500 +0.187500 -0.003912
+0.093750 +0.187500 -0.003362
+0.125000 +0.187500 -0.002847
+0.156250 +0.187500 -0.002368
+0.187500 +0.187500 -0.001927
+0.218750 +0.187500 -0.001520
+0.250000 +0.187500 -0.001144
+0.281250 +0.187500 -0.000797
+0.312500 +0.187500 -0.000476
+0.343750 +0.187500 -0.000179
+0.375000 +0.187500 +0.000095
+0.406250 +0.187500 +0.000348
+0.437500 +0.187500 +0.000581
+0.468750 +0.187500 +0.000794
+0.500000 +0.187500 +0.000987
+0.531250 +0.187500 +0.001162
+0.562500 +0.187500 +0.001320
+0.593750 +0.187500 +0.001461
+0.625000 +0.187500 +0.001584
+0.656250 +0.187500 +0.001692
+0.687500 +0.187500 +0.001782
+0.718750 +0.187500 +0.001853
+0.750000 +0.187500 +0.001907
+0.781250 +0.187500 +0.001942
+0.812500 +0.187500 +0.001960
+0.843750 +0.187500 +0.001961
+0.875000 +0.187500 +0.001948
+0.906250 +0.187500 +0.001920
+0.937500 +0.187500 +0.001879
+0.968750 +0.187500 +0.001825
+1.000000 +0.187500 +0.001759
+1.031250 +0.187500 +0.001683
+1.062500 +0.187500 +0.001595
+1.093750 +0.187500 +0.001497
+1.125000 +0.187500 +0.001388
+1.156250 +0.187500 +0.001270
+1.187500 +0.187500 +0.001143
+1.218750 +0.187500 +0.001007
+1.250000 +0.187500 +0.000865
+1.281250 +0.187500 +0.000716
+1.312500 +0.187500 +0.000565
+1.343750 +0.187500 +0.000409
+1.375000 +0.187500 +0.000250
+1.406250 +0.187500 +0.000087
+1.437500 +0.187500 -0.000078
+1.468750 +0.187500 -0.000248
+1.500000 +0.187500 -0.000423
+1.531250 +0.187500 -0.000604
+1.562500 +0.187500 -0.000790
+1.593750 +0.187500 -0.000983
+1.625000 +0.187500 -0.001183
+1.656250 +0.187500 -0.001394
+1.687500 +0.187500 -0.001619
+1.718750 +0.187500 -0.001859
+1.750000 +0.187500 -0.002116
+1.781250 +0.187500 -0.002395
+1.812500 +0.187500 -0.002697
+1.843750 +0.187500 -0.003024
+1.875000 +0.187500 -0.003379
+1.906250 +0.187500 -0.003761
+1.937500 +0.187500 -0.004168
+1.968750 +0.187500 -0.004606
+2.000000 +0.187500 -0.004515
+0.000000 +0.218750 -0.010975
+0.031250 +0.218750 -0.010770
+0.062500 +0.218750 -0.009881
+0.093750 +0.218750 -0.009008
+0.125000 +0.218750 -0.008127
+0.156250 +0.218750 -0.007240
+0.187500 +0.218750 -0.006349
+0.218750 +0.218750 -0.005455
+0.250000 +0.218750 -0.004560
+0.281250 +0.218750 -0.003665
+0.312500 +0.218750 -0.002775
+0.343750 +0.218750 -0.001892
+0.375000 +0.218750 -0.001020
+0.406250 +0.218750 -0.000165
+0.437500 +0.218750 +0.000669
+0.468750 +0.218750 +0.001477
+0.500000 +0.218750 +0.002255
+0.531250 +0.218750 +0.002998
+0.562500 +0.218750 +0.003701
+0.593750 +0.218750 +0.004361
+0.625000 +0.218750 +0.004971
+0.656250 +0.218750 +0.005530
+0.687500 +0.218750 +0.006032
+0.718750 +0.218750 +0.006473
+0.750000 +0.218750 +0.006851
+0.781250 +0.218750 +0.007163
+0.812500 +0.218750 +0.007407
+0.843750 +0.218750 +0.007583
+0.875000 +0.218750 +0.007689
+0.906250 +0.218750 +0.007728
+0.937500 +0.218750 +0.007698
+0.968750 +0.218750 +0.007602
+1.000000 +0.218750 +0.007441
+1.031250 +0.218750 +0.007217
+1.062500 +0.218750 +0.006930
+1.093750 +0.218750 +0.006583
+1.125000 +0.218750 +0.006179
+1.156250 +0.218750 +0.005719
+1.187500 +0.218750 +0.005209
+1.218750 +0.218750 +0.004652
+1.250000 +0.218750 +0.004053
+1.281250 +0.218750 +0.003419
+1.312500 +0.218750 +0.002755
+1.343750 +0.218750 +0.002066
+1.375000 +0.218750 +0.001355
+1.406250 +0.218750 +0.000627
+1.437500 +0.218750 -0.000111
+1.468750 +0.218750 -0.000856
+1.500000 +0.218750 -0.001604
+1.531250 +0.218750 -0.002349
+1.562500 +0.218750 -0.003085
+1.593750 +0.218750 -0.003810
+1.625000 +0.218750 -0.004520
+1.656250 +0.218750 -0.005212
+1.687500 +0.218750 -0.005885
+1.718750 +0.218750 -0.006537
+1.750000 +0.218750 -0.007167
+1.781250 +0.218750 -0.007773
+1.812500 +0.218750 -0.008356
+1.843750 +0.218750 -0.008917
+1.875000 +0.218750 -0.009457
+1.906250 +0.218750 -0.009976
+1.937500 +0.218750 -0.010479
+1.968750 +0.218750 -0.010975
+2.000000 +0.218750 -0.010770
+0.000000 +0.250000 -0.016781
+0.031250 +0.250000 -0.016475
+0.062500 +0.250000 -0.015318
+0.093750 +0.250000 -0.014146
+0.125000 +0.250000 -0.012931
+0.156250 +0.250000 -0.011672
+0.187500 +0.250000 -0.010373
+0.218750 +0.250000 -0.009039
+0.250000 +0.250000 -0.007675
+0.281250 +0.250000 -0.006286
+0.312500 +0.250000 -0.004881
+0.343750 +0.250000 -0.003468
+0.375000 +0.250000 -0.002056
+0.406250 +0.250000 -0.000657
+0.437500 +0.250000 +0.000721
+0.468750 +0.250000 +0.002070
+0.500000 +0.250000 +0.003378
+0.531250 +0.250000 +0.004636
+0.562500 +0.250000 +0.005836
+0.593750 +0.250000 +0.006966
+0.625000 +0.250000 +0.008019
+0.656250 +0.250000 +0.008989
+0.687500 +0.250000 +0.009866
+0.718750 +0.250000 +0.010644
+0.750000 +0.250000 +0.011319
+0.781250 +0.250000 +0.011884
+0.812500 +0.250000 +0.012336
+0.843750 +0.250000 +0.012671
+0.875000 +0.250000 +0.012889
+0.906250 +0.250000 +0.012990
+0.937500 +0.250000 +0.012975
+0.968750 +0.250000 +0.012843
+1.000000 +0.250000 +0.012599
+1.031250 +0.250000 +0.012243
+1.062500 +0.250000 +0.011779
+1.093750 +0.250000 +0.011209
+1.125000 +0.250000 +0.010538
+1.156250 +0.250000 +0.009772
+1.187500 +0.250000 +0.008916
+1.218750 +0.250000 +0.007978
+1.250000 +0.250000 +0.006968
+1.281250 +0.250000 +0.005895
+1.312500 +0.250000 +0.004769
+1.343750 +0.250000 +0.003596
+1.375000 +0.250000 +0.002385
+1.406250 +0.250000 +0.001146
+1.437500 +0.250000 -0.000111
+1.468750 +0.250000 -0.001378
+1.500000 +0.250000 -0.002645
+1.531250 +0.250000 -0.003901
+1.562500 +0.250000 -0.005136
+1.593750 +0.250000 -0.006344
+1.625000 +0.250000 -0.007517
+1.656250 +0.250000 -0.008647
+1.687500 +0.250000 -0.009729
+1.718750 +0.250000 -0.010757
+1.750000 +0.250000 -0.011727
+1.781250 +0.250000 -0.012633
+1.812500 +0.250000 -0.013476
+1.843750 +0.250000 -0.014253
+1.875000 +0.250000 -0.014968
+1.906250 +0.250000 -0.015621
+1.937500 +0.250000 -0.016219
+1.968750 +0.250000 -0.016781
+2.000000 +0.250000 -0.016475
+0.000000 +0.281250 -0.021991
+0.031250 +0.281250 -0.021598
+0.062500 +0.281250 -0.020198
+0.093750 +0.281250 -0.018755
+0.125000 +0.281250 -0.017238
+0.156250 +0.281250 -0.015646
+0.187500 +0.281250 -0.013983
+0.218750 +0.281250 -0.012257
+0.250000 +0.281250 -0.010474
+0.281250 +0.281250 -0.008645
+0.312500 +0.281250 -0.006782
+0.343750 +0.281250 -0.004896
+0.375000 +0.281250 -0.003004
+0.406250 +0.281250 -0.001119
+0.437500 +0.281250 +0.000746
+0.468750 +0.281250 +0.002577
+0.500000 +0.281250 +0.004359
+0.531250 +0.281250 +0.006078
+0.562500 +0.281250 +0.007721
+0.593750 +0.281250 +0.009272
+0.625000 +0.281250 +0.010722
+0.656250 +0.281250 +0.012059
+0.687500 +0.281250 +0.013274
+0.718750 +0.281250 +0.014356
+0.750000 +0.281250 +0.015297
+0.781250 +0.281250 +0.016091
+0.812500 +0.281250 +0.016729
+0.843750 +0.281250 +0.017208
+0.875000 +0.281250 +0.017529
+0.906250 +0.281250 +0.017690
+0.937500 +0.281250 +0.017689
+0.968750 +0.281250 +0.017528
+1.000000 +0.281250 +0.017211
+1.031250 +0.281250 +0.016740
+1.062500 +0.281250 +0.016120
+1.093750 +0.281250 +0.015353
+1.125000 +0.281250 +0.014446
+1.156250 +0.281250 +0.013407
+1.187500 +0.281250 +0.012244
+1.218750 +0.281250 +0.010968
+1.250000 +0.281250 +0.009593
+1.281250 +0.281250 +0.008131
+1.312500 +0.281250 +0.006593
+1.343750 +0.281250 +0.004988
+1.375000 +0.281250 +0.003330
+1.406250 +0.281250 +0.001634
+1.437500 +0.281250 -0.000086
+1.468750 +0.281250 -0.001818
+1.500000 +0.281250 -0.003548
+1.531250 +0.281250 -0.005260
+1.562500 +0.281250 -0.006943
+1.593750 +0.281250 -0.008584
+1.625000 +0.281250 -0.010171
+1.656250 +0.281250 -0.011694
+1.687500 +0.281250 -0.013142
+1.718750 +0.281250 -0.014508
+1.750000 +0.281250 -0.015783
+1.781250 +0.281250 -0.016961
+1.812500 +0.281250 -0.018038
+1.843750 +0.281250 -0.019015
+1.875000 +0.281250 -0.019891
+1.906250 +0.281250 -0.020670
+1.937500 +0.281250 -0.021361
+1.968750 +0.281250 -0.021991
+2.000000 +0.281250 -0.021598
+0.000000 +0.312500 -0.026576
+0.031250 +0.312500 -0.026109
+0.062500 +0.312500 -0.024492
+0.093750 +0.312500 -0.022810
+0.125000 +0.312500 -0.021027
+0.156250 +0.312500 -0.019142
+0.187500 +0.312500 -0.017161
+0.218750 +0.312500 -0.015091
+0.250000 +0.312500 -0.012942
+0.281250 +0.312500 -0.010728
+0.312500 +0.312500 -0.008463
+0.343750 +0.312500 -0.006165
+0.375000 +0.312500 -0.003852
+0.406250 +0.312500 -0.001541
+0.437500 +0.312500 +0.000750
+0.468750 +0.312500 +0.003004
+0.500000 +0.312500 +0.005202
+0.531250 +0.312500 +0.007325
+0.562500 +0.312500 +0.009355
+0.593750 +0.312500 +0.011277
+0.625000 +0.312500 +0.013075
+0.656250 +0.312500 +0.014736
+0.687500 +0.312500 +0.016247
+0.718750 +0.312500 +0.017597
+0.750000 +0.312500 +0.018774
+0.781250 +0.312500 +0.019767
+0.812500 +0.312500 +0.020570
+0.843750 +0.312500 +0.021180
+0.875000 +0.312500 +0.021593
+0.906250 +0.312500 +0.021806
+0.937500 +0.312500 +0.021820
+0.968750 +0.312500 +0.021636
+1.000000 +0.312500 +0.021257
+1.031250 +0.312500 +0.020688
+1.062500 +0.312500 +0.019932
+1.093750 +0.312500 +0.018995
+1.125000 +0.312500 +0.017883
+1.156250 +0.312500 +0.016605
+1.187500 +0.312500 +0.015175
+1.218750 +0.312500 +0.013606
+1.250000 +0.312500 +0.011913
+1.281250 +0.312500 +0.010109
+1.312500 +0.312500 +0.008209
+1.343750 +0.312500 +0.006226
+1.375000 +0.312500 +0.004177
+1.406250 +0.312500 +0.002082
+1.437500 +0.312500 -0.000043
+1.468750 +0.312500 -0.002183
+1.500000 +0.312500 -0.004318
+1.531250 +0.312500 -0.006431
+1.562500 +0.312500 -0.008507
+1.593750 +0.312500 -0.010528
+1.625000 +0.312500 -0.012479
+1.656250 +0.312500 -0.014346
+1.687500 +0.312500 -0.016117
+1.718750 +0.312500 -0.017779
+1.750000 +0.312500 -0.019323
+1.781250 +0.312500 -0.020742
+1.812500 +0.312500 -0.022029
+1.843750 +0.312500 -0.023183
+1.875000 +0.312500 -0.024206
+1.906250 +0.312500 -0.025100
+1.937500 +0.312500 -0.025879
+1.968750 +0.312500 -0.026576
+2.000000 +0.312500 -0.026109
+0.000000 +0.343750 -0.030509
+0.031250 +0.343750 -0.029981
+0.062500 +0.343750 -0.028177
+0.093750 +0.343750 -0.026288
+0.125000 +0.343750 -0.024276
+0.156250 +0.343750 -0.022141
+0.187500 +0.343750 -0.019887
+0.218750 +0.343750 -0.017524
+0.250000 +0.343750 -0.015062
+0.281250 +0.343750 -0.012519
+0.312500 +0.343750 -0.009913
+0.343750 +0.343750 -0.007264
+0.375000 +0.343750 -0.004591
+0.406250 +0.343750 -0.001916
+0.437500 +0.343750 +0.000740
+0.468750 +0.343750 +0.003355
+0.500000 +0.343750 +0.005908
+0.531250 +0.343750 +0.008376
+0.562500 +0.343750 +0.010738
+0.593750 +0.343750 +0.012977
+0.625000 +0.343750 +0.015073
+0.656250 +0.343750 +0.017012
+0.687500 +0.343750 +0.018779
+0.718750 +0.343750 +0.020358
+0.750000 +0.343750 +0.021735
+0.781250 +0.343750 +0.022901
+0.812500 +0.343750 +0.023848
+0.843750 +0.343750 +0.024569
+0.875000 +0.343750 +0.025062
+0.906250 +0.343750 +0.025322
+0.937500 +0.343750 +0.025350
+0.968750 +0.343750 +0.025147
+1.000000 +0.343750 +0.024718
+1.031250 +0.343750 +0.024067
+1.062500 +0.343750 +0.023197
+1.093750 +0.343750 +0.022115
+1.125000 +0.343750 +0.020828
+1.156250 +0.343750 +0.019349
+1.187500 +0.343750 +0.017692
+1.218750 +0.343750 +0.015873
+1.250000 +0.343750 +0.013908
+1.281250 +0.343750 +0.011813
+1.312500 +0.343750 +0.009604
+1.343750 +0.343750 +0.007298
+1.375000 +0.343750 +0.004916
+1.406250 +0.343750 +0.002482
+1.437500 +0.343750 +0.000010
+1.468750 +0.343750 -0.002478
+1.500000 +0.343750 -0.004961
+1.531250 +0.343750 -0.007418
+1.562500 +0.343750 -0.009829
+1.593750 +0.343750 -0.012174
+1.625000 +0.343750 -0.014436
+1.656250 +0.343750 -0.016597
+1.687500 +0.343750 -0.018644
+1.718750 +0.343750 -0.020562
+1.750000 +0.343750 -0.022338
+1.781250 +0.343750 -0.023964
+1.812500 +0.343750 -0.025433
+1.843750 +0.343750 -0.026743
+1.875000 +0.343750 -0.027894
+1.906250 +0.343750 -0.028890
+1.937500 +0.343750 -0.029748
+1.968750 +0.343750 -0.030509
+2.000000 +0.343750 -0.029981
+0.000000 +0.375000 -0.033763
+0.031250 +0.375000 -0.033189
+0.062500 +0.375000 -0.031228
+0.093750 +0.375000 -0.029168
+0.125000 +0.375000 -0.026967
+0.156250 +0.375000 -0.024625
+0.187500 +0.375000 -0.022146
+0.218750 +0.375000 -0.019539
+0.250000 +0.375000 -0.016820
+0.281250 +0.375000 -0.014007
+0.312500 +0.375000 -0.011119
+0.343750 +0.375000 -0.008179
+0.375000 +0.375000 -0.005210
+0.406250 +0.375000 -0.002234
+0.437500 +0.375000 +0.000723
+0.468750 +0.375000 +0.003636
+0.500000 +0.375000 +0.006481
+0.531250 +0.375000 +0.009233
+0.562500 +0.375000 +0.011870
+0.593750 +0.375000 +0.014370
+0.625000 +0.375000 +0.016713
+0.656250 +0.375000 +0.018883
+0.687500 +0.375000 +0.020861
+0.718750 +0.375000 +0.022629
+0.750000 +0.375000 +0.024172
+0.781250 +0.375000 +0.025482
+0.812500 +0.375000 +0.026548
+0.843750 +0.375000 +0.027363
+0.875000 +0.375000 +0.027921
+0.906250 +0.375000 +0.028221
+0.937500 +0.375000 +0.028261
+0.968750 +0.375000 +0.028046
+1.000000 +0.375000 +0.027577
+1.031250 +0.375000 +0.026859
+1.062500 +0.375000 +0.025896
+1.093750 +0.375000 +0.024694
+1.125000 +0.375000 +0.023265
+1.156250 +0.375000 +0.021621
+1.187500 +0.375000 +0.019778
+1.218750 +0.375000 +0.017752
+1.250000 +0.375000 +0.015563
+1.281250 +0.375000 +0.013227
+1.312500 +0.375000 +0.010764
+1.343750 +0.375000 +0.008193
+1.375000 +0.375000 +0.005538
+1.406250 +0.375000 +0.002823
+1.437500 +0.375000 +0.000065
+1.468750 +0.375000 -0.002712
+1.500000 +0.375000 -0.005483
+1.531250 +0.375000 -0.008222
+1.562500 +0.375000 -0.010908
+1.593750 +0.375000 -0.013521
+1.625000 +0.375000 -0.016039
+1.656250 +0.375000 -0.018444
+1.687500 +0.375000 -0.020719
+1.718750 +0.375000 -0.022849
+1.750000 +0.375000 -0.024818
+1.781250 +0.375000 -0.026617
+1.812500 +0.375000 -0.028238
+1.843750 +0.375000 -0.029677
+1.875000 +0.375000 -0.030937
+1.906250 +0.375000 -0.032020
+1.937500 +0.375000 -0.032946
+1.968750 +0.375000 -0.033763
+2.000000 +0.375000 -0.033189
+0.000000 +0.406250 -0.036318
+0.031250 +0.406250 -0.035709
+0.062500 +0.406250 -0.033626
+0.093750 +0.406250 -0.031430
+0.125000 +0.406250 -0.029081
+0.156250 +0.406250 -0.026576
+0.187500 +0.406250 -0.023920
+0.218750 +0.406250 -0.021123
+0.250000 +0.406250 -0.018203
+0.281250 +0.406250 -0.015178
+0.312500 +0.406250 -0.012070
+0.343750 +0.406250 -0.008903
+0.375000 +0.406250 -0.005700
+0.406250 +0.406250 -0.002489
+0.437500 +0.406250 +0.000703
+0.468750 +0.406250 +0.003849
+0.500000 +0.406250 +0.006923
+0.531250 +0.406250 +0.009898
+0.562500 +0.406250 +0.012750
+0.593750 +0.406250 +0.015455
+0.625000 +0.406250 +0.017993
+0.656250 +0.406250 +0.020343
+0.687500 +0.406250 +0.022485
+0.718750 +0.406250 +0.024401
+0.750000 +0.406250 +0.026077
+0.781250 +0.406250 +0.027500
+0.812500 +0.406250 +0.028659
+0.843750 +0.406250 +0.029547
+0.875000 +0.406250 +0.030158
+0.906250 +0.406250 +0.030489
+0.937500 +0.406250 +0.030541
+0.968750 +0.406250 +0.030317
+1.000000 +0.406250 +0.029818
+1.031250 +0.406250 +0.029047
+1.062500 +0.406250 +0.028011
+1.093750 +0.406250 +0.026718
+1.125000 +0.406250 +0.025179
+1.156250 +0.406250 +0.023406
+1.187500 +0.406250 +0.021416
+1.218750 +0.406250 +0.019228
+1.250000 +0.406250 +0.016863
+1.281250 +0.406250 +0.014340
+1.312500 +0.406250 +0.011679
+1.343750 +0.406250 +0.008901
+1.375000 +0.406250 +0.006033
+1.406250 +0.406250 +0.003095
+1.437500 +0.406250 +0.000111
+1.468750 +0.406250 -0.002891
+1.500000 +0.406250 -0.005885
+1.531250 +0.406250 -0.008844
+1.562500 +0.406250 -0.011745
+1.593750 +0.406250 -0.014567
+1.625000 +0.406250 -0.017286
+1.656250 +0.406250 -0.019882
+1.687500 +0.406250 -0.022337
+1.718750 +0.406250 -0.024634
+1.750000 +0.406250 -0.026756
+1.781250 +0.406250 -0.028692
+1.812500 +0.406250 -0.030433
+1.843750 +0.406250 -0.031975
+1.875000 +0.406250 -0.033320
+1.906250 +0.406250 -0.034473
+1.937500 +0.406250 -0.035454
+1.968750 +0.406250 -0.036318
+2.000000 +0.406250 -0.035709
+0.000000 +0.437500 -0.038155
+0.031250 +0.437500 -0.037523
+0.062500 +0.437500 -0.035354
+0.093750 +0.437500 -0.033060
+0.125000 +0.437500 -0.030602
+0.156250 +0.437500 -0.027980
+0.187500 +0.437500 -0.025196
+0.218750 +0.437500 -0.022264
+0.250000 +0.437500 -0.019200
+0.281250 +0.437500 -0.016024
+0.312500 +0.437500 -0.012757
+0.343750 +0.437500 -0.009426
+0.375000 +0.437500 -0.006056
+0.406250 +0.437500 -0.002676
+0.437500 +0.437500 +0.000685
+0.468750 +0.437500 +0.003998
+0.500000 +0.437500 +0.007236
+0.531250 +0.437500 +0.010371
+0.562500 +0.437500 +0.013377
+0.593750 +0.437500 +0.016231
+0.625000 +0.437500 +0.018909
+0.656250 +0.437500 +0.021388
+0.687500 +0.437500 +0.023648
+0.718750 +0.437500 +0.025671
+0.750000 +0.437500 +0.027441
+0.781250 +0.437500 +0.028946
+0.812500 +0.437500 +0.030173
+0.843750 +0.437500 +0.031113
+0.875000 +0.437500 +0.031762
+0.906250 +0.437500 +0.032117
+0.937500 +0.437500 +0.032178
+0.968750 +0.437500 +0.031948
+1.000000 +0.437500 +0.031427
+1.031250 +0.437500 +0.030620
+1.062500 +0.437500 +0.029534
+1.093750 +0.437500 +0.028176
+1.125000 +0.437500 +0.026557
+1.156250 +0.437500 +0.024690
+1.187500 +0.437500 +0.022593
+1.218750 +0.437500 +0.020289
+1.250000 +0.437500 +0.017798
+1.281250 +0.437500 +0.015143
+1.312500 +0.437500 +0.012340
+1.343750 +0.437500 +0.009412
+1.375000 +0.437500 +0.006388
+1.406250 +0.437500 +0.003291
+1.437500 +0.437500 +0.000146
+1.468750 +0.437500 -0.003017
+1.500000 +0.437500 -0.006169
+1.531250 +0.437500 -0.009285
+1.562500 +0.437500 -0.012341
+1.593750 +0.437500 -0.015313
+1.625000 +0.437500 -0.018176
+1.656250 +0.437500 -0.020910
+1.687500 +0.437500 -0.023495
+1.718750 +0.437500 -0.025912
+1.750000 +0.437500 -0.028145
+1.781250 +0.437500 -0.030179
+1.812500 +0.437500 -0.032007
+1.843750 +0.437500 -0.033624
+1.875000 +0.437500 -0.035032
+1.906250 +0.437500 -0.036235
+1.937500 +0.437500 -0.037256
+1.968750 +0.437500 -0.038155
+2.000000 +0.437500 -0.037523
+0.000000 +0.468750 -0.039261
+0.031250 +0.468750 -0.038619
+0.062500 +0.468750 -0.036399
+0.093750 +0.468750 -0.034044
+0.125000 +0.468750 -0.031521
+0.156250 +0.468750 -0.028827
+0.187500 +0.468750 -0.025968
+0.218750 +0.468750 -0.022954
+0.250000 +0.468750 -0.019803
+0.281250 +0.468750 -0.016535
+0.312500 +0.468750 -0.013174
+0.343750 +0.468750 -0.009743
+0.375000 +0.468750 -0.006272
+0.406250 +0.468750 -0.002791
+0.437500 +0.468750 +0.000671
+0.468750 +0.468750 +0.004085
+0.500000 +0.468750 +0.007421
+0.531250 +0.468750 +0.010653
+0.562500 +0.468750 +0.013753
+0.593750 +0.468750 +0.016697
+0.625000 +0.468750 +0.019458
+0.656250 +0.468750 +0.022014
+0.687500 +0.468750 +0.024346
+0.718750 +0.468750 +0.026434
+0.750000 +0.468750 +0.028261
+0.781250 +0.468750 +0.029814
+0.812500 +0.468750 +0.031081
+0.843750 +0.468750 +0.032053
+0.875000 +0.468750 +0.032725
+0.906250 +0.468750 +0.033095
+0.937500 +0.468750 +0.033163
+0.968750 +0.468750 +0.032929
+1.000000 +0.468750 +0.032396
+1.031250 +0.468750 +0.031568
+1.062500 +0.468750 +0.030454
+1.093750 +0.468750 +0.029056
+1.125000 +0.468750 +0.027387
+1.156250 +0.468750 +0.025461
+1.187500 +0.468750 +0.023300
+1.218750 +0.468750 +0.020927
+1.250000 +0.468750 +0.018363
+1.281250 +0.468750 +0.015628
+1.312500 +0.468750 +0.012738
+1.343750 +0.468750 +0.009717
+1.375000 +0.468750 +0.006599
+1.406250 +0.468750 +0.003406
+1.437500 +0.468750 +0.000167
+1.468750 +0.468750 -0.003091
+1.500000 +0.468750 -0.006338
+1.531250 +0.468750 -0.009548
+1.562500 +0.468750 -0.012696
+1.593750 +0.468750 -0.015758
+1.625000 +0.468750 -0.018708
+1.656250 +0.468750 -0.021526
+1.687500 +0.468750 -0.024190
+1.718750 +0.468750 -0.026682
+1.750000 +0.468750 -0.028981
+1.781250 +0.468750 -0.031075
+1.812500 +0.468750 -0.032955
+1.843750 +0.468750 -0.034617
+1.875000 +0.468750 -0.036062
+1.906250 +0.468750 -0.037295
+1.937500 +0.468750 -0.038340
+1.968750 +0.468750 -0.039261
+2.000000 +0.468750 -0.038619
+0.000000 +0.500000 -0.039629
+0.031250 +0.500000 -0.038987
+0.062500 +0.500000 -0.036752
+0.093750 +0.500000 -0.034376
+0.125000 +0.500000 -0.031831
+0.156250 +0.500000 -0.029113
+0.187500 +0.500000 -0.026228
+0.218750 +0.500000 -0.023188
+0.250000 +0.500000 -0.020008
+0.281250 +0.500000 -0.016709
+0.312500 +0.500000 -0.013315
+0.343750 +0.500000 -0.009851
+0.375000 +0.500000 -0.006346
+0.406250 +0.500000 -0.002831
+0.437500 +0.500000 +0.000664
+0.468750 +0.500000 +0.004111
+0.500000 +0.500000 +0.007481
+0.531250 +0.500000 +0.010746
+0.562500 +0.500000 +0.013878
+0.593750 +0.500000 +0.016851
+0.625000 +0.500000 +0.019639
+0.656250 +0.500000 +0.022221
+0.687500 +0.500000 +0.024577
+0.718750 +0.500000 +0.026686
+0.750000 +0.500000 +0.028532
+0.781250 +0.500000 +0.030100
+0.812500 +0.500000 +0.031380
+0.843750 +0.500000 +0.032363
+0.875000 +0.500000 +0.033043
+0.906250 +0.500000 +0.033419
+0.937500 +0.500000 +0.033490
+0.968750 +0.500000 +0.033255
+1.000000 +0.500000 +0.032720
+1.031250 +0.500000 +0.031889
+1.062500 +0.500000 +0.030764
+1.093750 +0.500000 +0.029350
+1.125000 +0.500000 +0.027662
+1.156250 +0.500000 +0.025715
+1.187500 +0.500000 +0.023533
+1.218750 +0.500000 +0.021138
+1.250000 +0.500000 +0.018552
+1.281250 +0.500000 +0.015788
+1.312500 +0.500000 +0.012864
+1.343750 +0.500000 +0.009812
+1.375000 +0.500000 +0.006664
+1.406250 +0.500000 +0.003443
+1.437500 +0.500000 +0.000172
+1.468750 +0.500000 -0.003117
+1.500000 +0.500000 -0.006393
+1.531250 +0.500000 -0.009632
+1.562500 +0.500000 -0.012811
+1.593750 +0.500000 -0.015903
+1.625000 +0.500000 -0.018884
+1.656250 +0.500000 -0.021731
+1.687500 +0.500000 -0.024423
+1.718750 +0.500000 -0.026939
+1.750000 +0.500000 -0.029260
+1.781250 +0.500000 -0.031374
+1.812500 +0.500000 -0.033271
+1.843750 +0.500000 -0.034947
+1.875000 +0.500000 -0.036404
+1.906250 +0.500000 -0.037647
+1.937500 +0.500000 -0.038698
+1.968750 +0.500000 -0.039629
+2.000000 +0.500000 -0.038987
+0.000000 +0.531250 -0.039255
+0.031250 +0.531250 -0.038626
+0.062500 +0.531250 -0.036412
+0.093750 +0.531250 -0.034054
+0.125000 +0.531250 -0.031529
+0.156250 +0.531250 -0.028834
+0.187500 +0.531250 -0.025975
+0.218750 +0.531250 -0.022963
+0.250000 +0.531250 -0.019812
+0.281250 +0.531250 -0.016543
+0.312500 +0.531250 -0.013179
+0.343750 +0.531250 -0.009748
+0.375000 +0.531250 -0.006277
+0.406250 +0.531250 -0.002796
+0.437500 +0.531250 +0.000665
+0.468750 +0.531250 +0.004078
+0.500000 +0.531250 +0.007416
+0.531250 +0.531250 +0.010649
+0.562500 +0.531250 +0.013750
+0.593750 +0.531250 +0.016692
+0.625000 +0.531250 +0.019452
+0.656250 +0.531250 +0.022008
+0.687500 +0.531250 +0.024340
+0.718750 +0.531250 +0.026426
+0.750000 +0.531250 +0.028252
+0.781250 +0.531250 +0.029803
+0.812500 +0.531250 +0.031070
+0.843750 +0.531250 +0.032042
+0.875000 +0.531250 +0.032715
+0.906250 +0.531250 +0.033086
+0.937500 +0.531250 +0.033156
+0.968750 +0.531250 +0.032926
+1.000000 +0.531250 +0.032399
+1.031250 +0.531250 +0.031576
+1.062500 +0.531250 +0.030459
+1.093750 +0.531250 +0.029056
+1.125000 +0.531250 +0.027380
+1.156250 +0.531250 +0.025452
+1.187500 +0.531250 +0.023292
+1.218750 +0.531250 +0.020923
+1.250000 +0.531250 +0.018360
+1.281250 +0.531250 +0.015618
+1.312500 +0.531250 +0.012719
+1.343750 +0.531250 +0.009700
+1.375000 +0.531250 +0.006587
+1.406250 +0.531250 +0.003399
+1.437500 +0.531250 +0.000161
+1.468750 +0.531250 -0.003092
+1.500000 +0.531250 -0.006334
+1.531250 +0.531250 -0.009540
+1.562500 +0.531250 -0.012689
+1.593750 +0.531250 -0.015752
+1.625000 +0.531250 -0.018705
+1.656250 +0.531250 -0.021525
+1.687500 +0.531250 -0.024191
+1.718750 +0.531250 -0.026683
+1.750000 +0.531250 -0.028982
+1.781250 +0.531250 -0.031074
+1.812500 +0.531250 -0.032953
+1.843750 +0.531250 -0.034613
+1.875000 +0.531250 -0.036057
+1.906250 +0.531250 -0.037288
+1.937500 +0.531250 -0.038330
+1.968750 +0.531250 -0.039255
+2.000000 +0.531250 -0.038626
+0.000000 +0.562500 -0.038143
+0.031250 +0.562500 -0.037536
+0.062500 +0.562500 -0.035380
+0.093750 +0.562500 -0.033080
+0.125000 +0.562500 -0.030619
+0.156250 +0.562500 -0.027995
+0.187500 +0.562500 -0.025212
+0.218750 +0.562500 -0.022281
+0.250000 +0.562500 -0.019216
+0.281250 +0.562500 -0.016038
+0.312500 +0.562500 -0.012769
+0.343750 +0.562500 -0.009436
+0.375000 +0.562500 -0.006066
+0.406250 +0.562500 -0.002687
+0.437500 +0.562500 +0.000673
+0.468750 +0.562500 +0.003986
+0.500000 +0.562500 +0.007225
+0.531250 +0.562500 +0.010362
+0.562500 +0.562500 +0.013369
+0.593750 +0.562500 +0.016222
+0.625000 +0.562500 +0.018899
+0.656250 +0.562500 +0.021377
+0.687500 +0.562500 +0.023635
+0.718750 +0.562500 +0.025656
+0.750000 +0.562500 +0.027423
+0.781250 +0.562500 +0.028925
+0.812500 +0.562500 +0.030150
+0.843750 +0.562500 +0.031091
+0.875000 +0.562500 +0.031741
+0.906250 +0.562500 +0.032099
+0.937500 +0.562500 +0.032167
+0.968750 +0.562500 +0.031945
+1.000000 +0.562500 +0.031433
+1.031250 +0.562500 +0.030631
+1.062500 +0.562500 +0.029542
+1.093750 +0.562500 +0.028175
+1.125000 +0.562500 +0.026546
+1.156250 +0.562500 +0.024674
+1.187500 +0.562500 +0.022579
+1.218750 +0.562500 +0.020277
+1.250000 +0.562500 +0.017785
+1.281250 +0.562500 +0.015121
+1.312500 +0.562500 +0.012311
+1.343750 +0.562500 +0.009385
+1.375000 +0.562500 +0.006367
+1.406250 +0.562500 +0.003274
+1.437500 +0.562500 +0.000136
+1.468750 +0.562500 -0.003018
+1.500000 +0.562500 -0.006162
+1.531250 +0.562500 -0.009274
+1.562500 +0.562500 -0.012330
+1.593750 +0.562500 -0.015304
+1.625000 +0.562500 -0.018170
+1.656250 +0.562500 -0.020907
+1.687500 +0.562500 -0.023495
+1.718750 +0.562500 -0.025913
+1.750000 +0.562500 -0.028144
+1.781250 +0.562500 -0.030177
+1.812500 +0.562500 -0.032002
+1.843750 +0.562500 -0.033617
+1.875000 +0.562500 -0.035023
+1.906250 +0.562500 -0.036222
+1.937500 +0.562500 -0.037238
+1.968750 +0.562500 -0.038143
+2.000000 +0.562500 -0.037536
+0.000000 +0.593750 -0.036302
+0.031250 +0.593750 -0.035728
+0.062500 +0.593750 -0.033663
+0.093750 +0.593750 -0.031460
+0.125000 +0.593750 -0.029106
+0.156250 +0.593750 -0.026599
+0.187500 +0.593750 -0.023943
+0.218750 +0.593750 -0.021147
+0.250000 +0.593750 -0.018227
+0.281250 +0.593750 -0.015200
+0.312500 +0.593750 -0.012089
+0.343750 +0.593750 -0.008919
+0.375000 +0.593750 -0.005715
+0.406250 +0.593750 -0.002505
+0.437500 +0.593750 +0.000687
+0.468750 +0.593750 +0.003833
+0.500000 +0.593750 +0.006908
+0.531250 +0.593750 +0.009884
+0.562500 +0.593750 +0.012736
+0.593750 +0.593750 +0.015442
+0.625000 +0.593750 +0.017979
+0.656250 +0.593750 +0.020327
+0.687500 +0.593750 +0.022466
+0.718750 +0.593750 +0.024378
+0.750000 +0.593750 +0.026050
+0.781250 +0.593750 +0.027469
+0.812500 +0.593750 +0.028627
+0.843750 +0.593750 +0.029515
+0.875000 +0.593750 +0.030126
+0.906250 +0.593750 +0.030463
+0.937500 +0.593750 +0.030528
+0.968750 +0.593750 +0.030316
+1.000000 +0.593750 +0.029825
+1.031250 +0.593750 +0.029058
+1.062500 +0.593750 +0.028018
+1.093750 +0.593750 +0.026715
+1.125000 +0.593750 +0.025166
+1.156250 +0.593750 +0.023388
+1.187500 +0.593750 +0.021395
+1.218750 +0.593750 +0.019203
+1.250000 +0.593750 +0.016835
+1.281250 +0.593750 +0.014310
+1.312500 +0.593750 +0.011645
+1.343750 +0.593750 +0.008869
+1.375000 +0.593750 +0.006007
+1.406250 +0.593750 +0.003076
+1.437500 +0.593750 +0.000099
+1.468750 +0.593750 -0.002895
+1.500000 +0.593750 -0.005880
+1.531250 +0.593750 -0.008834
+1.562500 +0.593750 -0.011736
+1.593750 +0.593750 -0.014560
+1.625000 +0.593750 -0.017280
+1.656250 +0.593750 -0.019878
+1.687500 +0.593750 -0.022335
+1.718750 +0.593750 -0.024631
+1.750000 +0.593750 -0.026751
+1.781250 +0.593750 -0.028685
+1.812500 +0.593750 -0.030425
+1.843750 +0.593750 -0.031965
+1.875000 +0.593750 -0.033308
+1.906250 +0.593750 -0.034456
+1.937500 +0.593750 -0.035429
+1.968750 +0.593750 -0.036302
+2.000000 +0.593750 -0.035728
+0.000000 +0.625000 -0.033745
+0.031250 +0.625000 -0.033213
+0.062500 +0.625000 -0.031275
+0.093750 +0.625000 -0.029208
+0.125000 +0.625000 -0.027003
+0.156250 +0.625000 -0.024658
+0.187500 +0.625000 -0.022178
+0.218750 +0.625000 -0.019571
+0.250000 +0.625000 -0.016851
+0.281250 +0.625000 -0.014036
+0.312500 +0.625000 -0.011145
+0.343750 +0.625000 -0.008203
+0.375000 +0.625000 -0.005231
+0.406250 +0.625000 -0.002254
+0.437500 +0.625000 +0.000703
+0.468750 +0.625000 +0.003617
+0.500000 +0.625000 +0.006462
+0.531250 +0.625000 +0.009215
+0.562500 +0.625000 +0.011852
+0.593750 +0.625000 +0.014353
+0.625000 +0.625000 +0.016696
+0.656250 +0.625000 +0.018863
+0.687500 +0.625000 +0.020834
+0.718750 +0.625000 +0.022596
+0.750000 +0.625000 +0.024136
+0.781250 +0.625000 +0.025443
+0.812500 +0.625000 +0.026507
+0.843750 +0.625000 +0.027320
+0.875000 +0.625000 +0.027880
+0.906250 +0.625000 +0.028190
+0.937500 +0.625000 +0.028246
+0.968750 +0.625000 +0.028044
+1.000000 +0.625000 +0.027584
+1.031250 +0.625000 +0.026867
+1.062500 +0.625000 +0.025898
+1.093750 +0.625000 +0.024688
+1.125000 +0.625000 +0.023251
+1.156250 +0.625000 +0.021599
+1.187500 +0.625000 +0.019745
+1.218750 +0.625000 +0.017714
+1.250000 +0.625000 +0.015527
+1.281250 +0.625000 +0.013192
+1.312500 +0.625000 +0.010725
+1.343750 +0.625000 +0.008160
+1.375000 +0.625000 +0.005518
+1.406250 +0.625000 +0.002806
+1.437500 +0.625000 +0.000050
+1.468750 +0.625000 -0.002721
+1.500000 +0.625000 -0.005484
+1.531250 +0.625000 -0.008219
+1.562500 +0.625000 -0.010905
+1.593750 +0.625000 -0.013517
+1.625000 +0.625000 -0.016033
+1.656250 +0.625000 -0.018437
+1.687500 +0.625000 -0.020712
+1.718750 +0.625000 -0.022841
+1.750000 +0.625000 -0.024810
+1.781250 +0.625000 -0.026608
+1.812500 +0.625000 -0.028228
+1.843750 +0.625000 -0.029665
+1.875000 +0.625000 -0.030921
+1.906250 +0.625000 -0.031999
+1.937500 +0.625000 -0.032916
+1.968750 +0.625000 -0.033745
+2.000000 +0.625000 -0.033213
+0.000000 +0.656250 -0.030491
+0.031250 +0.656250 -0.030011
+0.062500 +0.656250 -0.028232
+0.093750 +0.656250 -0.026337
+0.125000 +0.656250 -0.024322
+0.156250 +0.656250 -0.022185
+0.187500 +0.656250 -0.019929
+0.218750 +0.656250 -0.017564
+0.250000 +0.656250 -0.015100
+0.281250 +0.656250 -0.012555
+0.312500 +0.656250 -0.009947
+0.343750 +0.656250 -0.007294
+0.375000 +0.656250 -0.004618
+0.406250 +0.656250 -0.001941
+0.437500 +0.656250 +0.000717
+0.468750 +0.656250 +0.003334
+0.500000 +0.656250 +0.005886
+0.531250 +0.656250 +0.008354
+0.562500 +0.656250 +0.010717
+0.593750 +0.656250 +0.012955
+0.625000 +0.656250 +0.015052
+0.656250 +0.656250 +0.016987
+0.687500 +0.656250 +0.018747
+0.718750 +0.656250 +0.020318
+0.750000 +0.656250 +0.021690
+0.781250 +0.656250 +0.022853
+0.812500 +0.656250 +0.023797
+0.843750 +0.656250 +0.024517
+0.875000 +0.656250 +0.025014
+0.906250 +0.656250 +0.025287
+0.937500 +0.656250 +0.025331
+0.968750 +0.656250 +0.025142
+1.000000 +0.656250 +0.024721
+1.031250 +0.656250 +0.024071
+1.062500 +0.656250 +0.023196
+1.093750 +0.656250 +0.022105
+1.125000 +0.656250 +0.020808
+1.156250 +0.656250 +0.019314
+1.187500 +0.656250 +0.017645
+1.218750 +0.656250 +0.015828
+1.250000 +0.656250 +0.013871
+1.281250 +0.656250 +0.011775
+1.312500 +0.656250 +0.009563
+1.343750 +0.656250 +0.007270
+1.375000 +0.656250 +0.004903
+1.406250 +0.656250 +0.002468
+1.437500 +0.656250 -0.000007
+1.468750 +0.656250 -0.002494
+1.500000 +0.656250 -0.004972
+1.531250 +0.656250 -0.007425
+1.562500 +0.656250 -0.009833
+1.593750 +0.656250 -0.012173
+1.625000 +0.656250 -0.014429
+1.656250 +0.656250 -0.016587
+1.687500 +0.656250 -0.018634
+1.718750 +0.656250 -0.020552
+1.750000 +0.656250 -0.022327
+1.781250 +0.656250 -0.023952
+1.812500 +0.656250 -0.025420
+1.843750 +0.656250 -0.026727
+1.875000 +0.656250 -0.027876
+1.906250 +0.656250 -0.028867
+1.937500 +0.656250 -0.029716
+1.968750 +0.656250 -0.030491
+2.000000 +0.656250 -0.030011
+0.000000 +0.687500 -0.026560
+0.031250 +0.687500 -0.026145
+0.062500 +0.687500 -0.024555
+0.093750 +0.687500 -0.022868
+0.125000 +0.687500 -0.021082
+0.156250 +0.687500 -0.019195
+0.187500 +0.687500 -0.017212
+0.218750 +0.687500 -0.015139
+0.250000 +0.687500 -0.012987
+0.281250 +0.687500 -0.010770
+0.312500 +0.687500 -0.008503
+0.343750 +0.687500 -0.006203
+0.375000 +0.687500 -0.003886
+0.406250 +0.687500 -0.001570
+0.437500 +0.687500 +0.000724
+0.468750 +0.687500 +0.002980
+0.500000 +0.687500 +0.005178
+0.531250 +0.687500 +0.007300
+0.562500 +0.687500 +0.009331
+0.593750 +0.687500 +0.011252
+0.625000 +0.687500 +0.013049
+0.656250 +0.687500 +0.014705
+0.687500 +0.687500 +0.016209
+0.718750 +0.687500 +0.017551
+0.750000 +0.687500 +0.018720
+0.781250 +0.687500 +0.019709
+0.812500 +0.687500 +0.020510
+0.843750 +0.687500 +0.021121
+0.875000 +0.687500 +0.021541
+0.906250 +0.687500 +0.021768
+0.937500 +0.687500 +0.021797
+0.968750 +0.687500 +0.021625
+1.000000 +0.687500 +0.021255
+1.031250 +0.687500 +0.020689
+1.062500 +0.687500 +0.019928
+1.093750 +0.687500 +0.018979
+1.125000 +0.687500 +0.017848
+1.156250 +0.687500 +0.016553
+1.187500 +0.687500 +0.015120
+1.218750 +0.687500 +0.013560
+1.250000 +0.687500 +0.011876
+1.281250 +0.687500 +0.010073
+1.312500 +0.687500 +0.008176
+1.343750 +0.687500 +0.006206
+1.375000 +0.687500 +0.004167
+1.406250 +0.687500 +0.002068
+1.437500 +0.687500 -0.000065
+1.468750 +0.687500 -0.002206
+1.500000 +0.687500 -0.004337
+1.531250 +0.687500 -0.006446
+1.562500 +0.687500 -0.008515
+1.593750 +0.687500 -0.010528
+1.625000 +0.687500 -0.012472
+1.656250 +0.687500 -0.014336
+1.687500 +0.687500 -0.016106
+1.718750 +0.687500 -0.017768
+1.750000 +0.687500 -0.019310
+1.781250 +0.687500 -0.020727
+1.812500 +0.687500 -0.022013
+1.843750 +0.687500 -0.023166
+1.875000 +0.687500 -0.024187
+1.906250 +0.687500 -0.025076
+1.937500 +0.687500 -0.025847
+1.968750 +0.687500 -0.026560
+2.000000 +0.687500 -0.026145
+0.000000 +0.718750 -0.021980
+0.031250 +0.718750 -0.021639
+0.062500 +0.718750 -0.020267
+0.093750 +0.718750 -0.018821
+0.125000 +0.718750 -0.017302
+0.156250 +0.718750 -0.015708
+0.187500 +0.718750 -0.014043
+0.218750 +0.718750 -0.012313
+0.250000 +0.718750 -0.010527
+0.281250 +0.718750 -0.008694
+0.312500 +0.718750 -0.006828
+0.343750 +0.718750 -0.004939
+0.375000 +0.718750 -0.003042
+0.406250 +0.718750 -0.001151
+0.437500 +0.718750 +0.000718
+0.468750 +0.718750 +0.002551
+0.500000 +0.718750 +0.004334
+0.531250 +0.718750 +0.006053
+0.562500 +0.718750 +0.007695
+0.593750 +0.718750 +0.009245
+0.625000 +0.718750 +0.010692
+0.656250 +0.718750 +0.012023
+0.687500 +0.718750 +0.013230
+0.718750 +0.718750 +0.014303
+0.750000 +0.718750 +0.015237
+0.781250 +0.718750 +0.016024
+0.812500 +0.718750 +0.016660
+0.843750 +0.718750 +0.017144
+0.875000 +0.718750 +0.017474
+0.906250 +0.718750 +0.017646
+0.937500 +0.718750 +0.017659
+0.968750 +0.718750 +0.017511
+1.000000 +0.718750 +0.017204
+1.031250 +0.718750 +0.016737
+1.062500 +0.718750 +0.016110
+1.093750 +0.718750 +0.015323
+1.125000 +0.718750 +0.014393
+1.156250 +0.718750 +0.013343
+1.187500 +0.718750 +0.012184
+1.218750 +0.718750 +0.010922
+1.250000 +0.718750 +0.009562
+1.281250 +0.718750 +0.008106
+1.312500 +0.718750 +0.006571
+1.343750 +0.718750 +0.004974
+1.375000 +0.718750 +0.003320
+1.406250 +0.718750 +0.001615
+1.437500 +0.718750 -0.000116
+1.468750 +0.718750 -0.001850
+1.500000 +0.718750 -0.003572
+1.531250 +0.718750 -0.005276
+1.562500 +0.718750 -0.006951
+1.593750 +0.718750 -0.008586
+1.625000 +0.718750 -0.010168
+1.656250 +0.718750 -0.011687
+1.687500 +0.718750 -0.013134
+1.718750 +0.718750 -0.014497
+1.750000 +0.718750 -0.015769
+1.781250 +0.718750 -0.016945
+1.812500 +0.718750 -0.018022
+1.843750 +0.718750 -0.018998
+1.875000 +0.718750 -0.019873
+1.906250 +0.718750 -0.020647
+1.937500 +0.718750 -0.021332
+1.968750 +0.718750 -0.021980
+2.000000 +0.718750 -0.021639
+0.000000 +0.750000 -0.016777
+0.031250 +0.750000 -0.016522
+0.062500 +0.750000 -0.015395
+0.093750 +0.750000 -0.014221
+0.125000 +0.750000 -0.013004
+0.156250 +0.750000 -0.011743
+0.187500 +0.750000 -0.010442
+0.218750 +0.750000 -0.009104
+0.250000 +0.750000 -0.007735
+0.281250 +0.750000 -0.006342
+0.312500 +0.750000 -0.004932
+0.343750 +0.750000 -0.003514
+0.375000 +0.750000 -0.002097
+0.406250 +0.750000 -0.000692
+0.437500 +0.750000 +0.000691
+0.468750 +0.750000 +0.002042
+0.500000 +0.750000 +0.003352
+0.531250 +0.750000 +0.004611
+0.562500 +0.750000 +0.005810
+0.593750 +0.750000 +0.006938
+0.625000 +0.750000 +0.007986
+0.656250 +0.750000 +0.008948
+0.687500 +0.750000 +0.009816
+0.718750 +0.750000 +0.010585
+0.750000 +0.750000 +0.011251
+0.781250 +0.750000 +0.011811
+0.812500 +0.750000 +0.012262
+0.843750 +0.750000 +0.012601
+0.875000 +0.750000 +0.012827
+0.906250 +0.750000 +0.012940
+0.937500 +0.750000 +0.012938
+0.968750 +0.750000 +0.012819
+1.000000 +0.750000 +0.012586
+1.031250 +0.750000 +0.012233
+1.062500 +0.750000 +0.011754
+1.093750 +0.750000 +0.011160
+1.125000 +0.750000 +0.010472
+1.156250 +0.750000 +0.009701
+1.187500 +0.750000 +0.008852
+1.218750 +0.750000 +0.007934
+1.250000 +0.750000 +0.006949
+1.281250 +0.750000 +0.005884
+1.312500 +0.750000 +0.004756
+1.343750 +0.750000 +0.003588
+1.375000 +0.750000 +0.002374
+1.406250 +0.750000 +0.001121
+1.437500 +0.750000 -0.000149
+1.468750 +0.750000 -0.001415
+1.500000 +0.750000 -0.002668
+1.531250 +0.750000 -0.003913
+1.562500 +0.750000 -0.005144
+1.593750 +0.750000 -0.006350
+1.625000 +0.750000 -0.007517
+1.656250 +0.750000 -0.008643
+1.687500 +0.750000 -0.009723
+1.718750 +0.750000 -0.010749
+1.750000 +0.750000 -0.011715
+1.781250 +0.750000 -0.012619
+1.812500 +0.750000 -0.013461
+1.843750 +0.750000 -0.014238
+1.875000 +0.750000 -0.014951
+1.906250 +0.750000 -0.015601
+1.937500 +0.750000 -0.016195
+1.968750 +0.750000 -0.016777
+2.000000 +0.750000 -0.016522
+0.000000 +0.781250 -0.010981
+0.031250 +0.781250 -0.010825
+0.062500 +0.781250 -0.009965
+0.093750 +0.781250 -0.009092
+0.125000 +0.781250 -0.008211
+0.156250 +0.781250 -0.007322
+0.187500 +0.781250 -0.006427
+0.218750 +0.781250 -0.005528
+0.250000 +0.781250 -0.004627
+0.281250 +0.781250 -0.003727
+0.312500 +0.781250 -0.002829
+0.343750 +0.781250 -0.001939
+0.375000 +0.781250 -0.001062
+0.406250 +0.781250 -0.000201
+0.437500 +0.781250 +0.000637
+0.468750 +0.781250 +0.001449
+0.500000 +0.781250 +0.002230
+0.531250 +0.781250 +0.002974
+0.562500 +0.781250 +0.003676
+0.593750 +0.781250 +0.004332
+0.625000 +0.781250 +0.004936
+0.656250 +0.781250 +0.005486
+0.687500 +0.781250 +0.005976
+0.718750 +0.781250 +0.006407
+0.750000 +0.781250 +0.006777
+0.781250 +0.781250 +0.007085
+0.812500 +0.781250 +0.007329
+0.843750 +0.781250 +0.007506
+0.875000 +0.781250 +0.007619
+0.906250 +0.781250 +0.007669
+0.937500 +0.781250 +0.007653
+0.968750 +0.781250 +0.007572
+1.000000 +0.781250 +0.007421
+1.031250 +0.781250 +0.007192
+1.062500 +0.781250 +0.006885
+1.093750 +0.781250 +0.006518
+1.125000 +0.781250 +0.006103
+1.156250 +0.781250 +0.005643
+1.187500 +0.781250 +0.005146
+1.218750 +0.781250 +0.004619
+1.250000 +0.781250 +0.004048
+1.281250 +0.781250 +0.003418
+1.312500 +0.781250 +0.002749
+1.343750 +0.781250 +0.002060
+1.375000 +0.781250 +0.001341
+1.406250 +0.781250 +0.000596
+1.437500 +0.781250 -0.000152
+1.468750 +0.781250 -0.000891
+1.500000 +0.781250 -0.001624
+1.531250 +0.781250 -0.002362
+1.562500 +0.781250 -0.003097
+1.593750 +0.781250 -0.003818
+1.625000 +0.781250 -0.004522
+1.656250 +0.781250 -0.005210
+1.687500 +0.781250 -0.005882
+1.718750 +0.781250 -0.006533
+1.750000 +0.781250 -0.007160
+1.781250 +0.781250 -0.007763
+1.812500 +0.781250 -0.008344
+1.843750 +0.781250 -0.008903
+1.875000 +0.781250 -0.009442
+1.906250 +0.781250 -0.009961
+1.937500 +0.781250 -0.010463
+1.968750 +0.781250 -0.010981
+2.000000 +0.781250 -0.010825
+0.000000 +0.812500 -0.004621
+0.031250 +0.812500 -0.004577
+0.062500 +0.812500 -0.004005
+0.093750 +0.812500 -0.003459
+0.125000 +0.812500 -0.002945
+0.156250 +0.812500 -0.002465
+0.187500 +0.812500 -0.002018
+0.218750 +0.812500 -0.001603
+0.250000 +0.812500 -0.001219
+0.281250 +0.812500 -0.000863
+0.312500 +0.812500 -0.000532
+0.343750 +0.812500 -0.000227
+0.375000 +0.812500 +0.000055
+0.406250 +0.812500 +0.000314
+0.437500 +0.812500 +0.000552
+0.468750 +0.812500 +0.000768
+0.500000 +0.812500 +0.000964
+0.531250 +0.812500 +0.001140
+0.562500 +0.812500 +0.001296
+0.593750 +0.812500 +0.001432
+0.625000 +0.812500 +0.001549
+0.656250 +0.812500 +0.001644
+0.687500 +0.812500 +0.001721
+0.718750 +0.812500 +0.001781
+0.750000 +0.812500 +0.001827
+0.781250 +0.812500 +0.001859
+0.812500 +0.812500 +0.001875
+0.843750 +0.812500 +0.001877
+0.875000 +0.812500 +0.001868
+0.906250 +0.812500 +0.001852
+0.937500 +0.812500 +0.001825
+0.968750 +0.812500 +0.001785
+1.000000 +0.812500 +0.001725
+1.031250 +0.812500 +0.001637
+1.062500 +0.812500 +0.001531
+1.093750 +0.812500 +0.001420
+1.125000 +0.812500 +0.001304
+1.156250 +0.812500 +0.001191
+1.187500 +0.812500 +0.001088
+1.218750 +0.812500 +0.000989
+1.250000 +0.812500 +0.000872
+1.281250 +0.812500 +0.000723
+1.312500 +0.812500 +0.000564
+1.343750 +0.812500 +0.000405
+1.375000 +0.812500 +0.000234
+1.406250 +0.812500 +0.000055
+1.437500 +0.812500 -0.000114
+1.468750 +0.812500 -0.000276
+1.500000 +0.812500 -0.000443
+1.531250 +0.812500 -0.000622
+1.562500 +0.812500 -0.000805
+1.593750 +0.812500 -0.000992
+1.625000 +0.812500 -0.001188
+1.656250 +0.812500 -0.001397
+1.687500 +0.812500 -0.001622
+1.718750 +0.812500 -0.001860
+1.750000 +0.812500 -0.002114
+1.781250 +0.812500 -0.002388
+1.812500 +0.812500 -0.002687
+1.843750 +0.812500 -0.003012
+1.875000 +0.812500 -0.003366
+1.906250 +0.812500 -0.003749
+1.937500 +0.812500 -0.004160
+1.968750 +0.812500 -0.004621
+2.000000 +0.812500 -0.004577
+0.000000 +0.843750 +0.002271
+0.031250 +0.843750 +0.002190
+0.062500 +0.843750 +0.002458
+0.093750 +0.843750 +0.002655
+0.125000 +0.843750 +0.002772
+0.156250 +0.843750 +0.002810
+0.187500 +0.843750 +0.002769
+0.218750 +0.843750 +0.002655
+0.250000 +0.843750 +0.002475
+0.281250 +0.843750 +0.002236
+0.312500 +0.843750 +0.001947
+0.343750 +0.843750 +0.001614
+0.375000 +0.843750 +0.001245
+0.406250 +0.843750 +0.000847
+0.437500 +0.843750 +0.000428
+0.468750 +0.843750 -0.000005
+0.500000 +0.843750 -0.000447
+0.531250 +0.843750 -0.000890
+0.562500 +0.843750 -0.001328
+0.593750 +0.843750 -0.001757
+0.625000 +0.843750 -0.002171
+0.656250 +0.843750 -0.002567
+0.687500 +0.843750 -0.002939
+0.718750 +0.843750 -0.003280
+0.750000 +0.843750 -0.003585
+0.781250 +0.843750 -0.003852
+0.812500 +0.843750 -0.004082
+0.843750 +0.843750 -0.004269
+0.875000 +0.843750 -0.004406
+0.906250 +0.843750 -0.004490
+0.937500 +0.843750 -0.004527
+0.968750 +0.843750 -0.004523
+1.000000 +0.843750 -0.004482
+1.031250 +0.843750 -0.004405
+1.062500 +0.843750 -0.004286
+1.093750 +0.843750 -0.004119
+1.125000 +0.843750 -0.003904
+1.156250 +0.843750 -0.003633
+1.187500 +0.843750 -0.003309
+1.218750 +0.843750 -0.002945
+1.250000 +0.843750 -0.002563
+1.281250 +0.843750 -0.002181
+1.312500 +0.843750 -0.001784
+1.343750 +0.843750 -0.001366
+1.375000 +0.843750 -0.000933
+1.406250 +0.843750 -0.000492
+1.437500 +0.843750 -0.000034
+1.468750 +0.843750 +0.000422
+1.500000 +0.843750 +0.000876
+1.531250 +0.843750 +0.001314
+1.562500 +0.843750 +0.001733
+1.593750 +0.843750 +0.002121
+1.625000 +0.843750 +0.002477
+1.656250 +0.843750 +0.002788
+1.687500 +0.843750 +0.003052
+1.718750 +0.843750 +0.003261
+1.750000 +0.843750 +0.003411
+1.781250 +0.843750 +0.003491
+1.812500 +0.843750 +0.003496
+1.843750 +0.843750 +0.003419
+1.875000 +0.843750 +0.003257
+1.906250 +0.843750 +0.003012
+1.937500 +0.843750 +0.002686
+1.968750 +0.843750 +0.002271
+2.000000 +0.843750 +0.002190
+0.000000 +0.875000 +0.009667
+0.031250 +0.875000 +0.009447
+0.062500 +0.875000 +0.009400
+0.093750 +0.875000 +0.009229
+0.125000 +0.875000 +0.008924
+0.156250 +0.875000 +0.008486
+0.187500 +0.875000 +0.007919
+0.218750 +0.875000 +0.007233
+0.250000 +0.875000 +0.006443
+0.281250 +0.875000 +0.005560
+0.312500 +0.875000 +0.004599
+0.343750 +0.875000 +0.003574
+0.375000 +0.875000 +0.002501
+0.406250 +0.875000 +0.001393
+0.437500 +0.875000 +0.000264
+0.468750 +0.875000 -0.000873
+0.500000 +0.875000 -0.002003
+0.531250 +0.875000 -0.003114
+0.562500 +0.875000 -0.004193
+0.593750 +0.875000 -0.005230
+0.625000 +0.875000 -0.006216
+0.656250 +0.875000 -0.007139
+0.687500 +0.875000 -0.007992
+0.718750 +0.875000 -0.008764
+0.750000 +0.875000 -0.009447
+0.781250 +0.875000 -0.010036
+0.812500 +0.875000 -0.010527
+0.843750 +0.875000 -0.010913
+0.875000 +0.875000 -0.011183
+0.906250 +0.875000 -0.011339
+0.937500 +0.875000 -0.011388
+0.968750 +0.875000 -0.011333
+1.000000 +0.875000 -0.011174
+1.031250 +0.875000 -0.010912
+1.062500 +0.875000 -0.010548
+1.093750 +0.875000 -0.010079
+1.125000 +0.875000 -0.009501
+1.156250 +0.875000 -0.008816
+1.187500 +0.875000 -0.008036
+1.218750 +0.875000 -0.007171
+1.250000 +0.875000 -0.006243
+1.281250 +0.875000 -0.005277
+1.312500 +0.875000 -0.004273
+1.343750 +0.875000 -0.003246
+1.375000 +0.875000 -0.002149
+1.406250 +0.875000 -0.001051
+1.437500 +0.875000 +0.000084
+1.468750 +0.875000 +0.001205
+1.500000 +0.875000 +0.002344
+1.531250 +0.875000 +0.003439
+1.562500 +0.875000 +0.004508
+1.593750 +0.875000 +0.005511
+1.625000 +0.875000 +0.006467
+1.656250 +0.875000 +0.007337
+1.687500 +0.875000 +0.008130
+1.718750 +0.875000 +0.008818
+1.750000 +0.875000 +0.009403
+1.781250 +0.875000 +0.009861
+1.812500 +0.875000 +0.010190
+1.843750 +0.875000 +0.010374
+1.875000 +0.875000 +0.010411
+1.906250 +0.875000 +0.010301
+1.937500 +0.875000 +0.010051
+1.968750 +0.875000 +0.009667
+2.000000 +0.875000 +0.009447
+0.000000 +0.906250 +0.017539
+0.031250 +0.906250 +0.017164
+0.062500 +0.906250 +0.016798
+0.093750 +0.906250 +0.016247
+0.125000 +0.906250 +0.015499
+0.156250 +0.906250 +0.014554
+0.187500 +0.906250 +0.013423
+0.218750 +0.906250 +0.012124
+0.250000 +0.906250 +0.010676
+0.281250 +0.906250 +0.009099
+0.312500 +0.906250 +0.007415
+0.343750 +0.906250 +0.005647
+0.375000 +0.906250 +0.003817
+0.406250 +0.906250 +0.001946
+0.437500 +0.906250 +0.000055
+0.468750 +0.906250 -0.001835
+0.500000 +0.906250 -0.003703
+0.531250 +0.906250 -0.005530
+0.562500 +0.906250 -0.007295
+0.593750 +0.906250 -0.008983
+0.625000 +0.906250 -0.010576
+0.656250 +0.906250 -0.012060
+0.687500 +0.906250 -0.013427
+0.718750 +0.906250 -0.014660
+0.750000 +0.906250 -0.015745
+0.781250 +0.906250 -0.016675
+0.812500 +0.906250 -0.017442
+0.843750 +0.906250 -0.018036
+0.875000 +0.906250 -0.018448
+0.906250 +0.906250 -0.018681
+0.937500 +0.906250 -0.018739
+0.968750 +0.906250 -0.018623
+1.000000 +0.906250 -0.018330
+1.031250 +0.906250 -0.017867
+1.062500 +0.906250 -0.017238
+1.093750 +0.906250 -0.016438
+1.125000 +0.906250 -0.015473
+1.156250 +0.906250 -0.014351
+1.187500 +0.906250 -0.013084
+1.218750 +0.906250 -0.011680
+1.250000 +0.906250 -0.010158
+1.281250 +0.906250 -0.008543
+1.312500 +0.906250 -0.006863
+1.343750 +0.906250 -0.005256
+1.375000 +0.906250 -0.003401
+1.406250 +0.906250 -0.001650
+1.437500 +0.906250 +0.000260
+1.468750 +0.906250 +0.002065
+1.500000 +0.906250 +0.003971
+1.531250 +0.906250 +0.005731
+1.562500 +0.906250 +0.007522
+1.593750 +0.906250 +0.009160
+1.625000 +0.906250 +0.010782
+1.656250 +0.906250 +0.012232
+1.687500 +0.906250 +0.013608
+1.718750 +0.906250 +0.014794
+1.750000 +0.906250 +0.015855
+1.781250 +0.906250 +0.016708
+1.812500 +0.906250 +0.017386
+1.843750 +0.906250 +0.017839
+1.875000 +0.906250 +0.018080
+1.906250 +0.906250 +0.018100
+1.937500 +0.906250 +0.017909
+1.968750 +0.906250 +0.017539
+2.000000 +0.906250 +0.017164
+0.000000 +0.937500 +0.025859
+0.031250 +0.937500 +0.025309
+0.062500 +0.937500 +0.024636
+0.093750 +0.937500 +0.023700
+0.125000 +0.937500 +0.022492
+0.156250 +0.937500 +0.021007
+0.187500 +0.937500 +0.019277
+0.218750 +0.937500 +0.017318
+0.250000 +0.937500 +0.015169
+0.281250 +0.937500 +0.012849
+0.312500 +0.937500 +0.010393
+0.343750 +0.937500 +0.007828
+0.375000 +0.937500 +0.005192
+0.406250 +0.937500 +0.002506
+0.437500 +0.937500 -0.000196
+0.468750 +0.937500 -0.002890
+0.500000 +0.937500 -0.005544
+0.531250 +0.937500 -0.008133
+0.562500 +0.937500 -0.010628
+0.593750 +0.937500 -0.013007
+0.625000 +0.937500 -0.015241
+0.656250 +0.937500 -0.017315
+0.687500 +0.937500 -0.019227
+0.718750 +0.937500 -0.020955
+0.750000 +0.937500 -0.022463
+0.781250 +0.937500 -0.023755
+0.812500 +0.937500 -0.024806
+0.843750 +0.937500 -0.025622
+0.875000 +0.937500 -0.026181
+0.906250 +0.937500 -0.026496
+0.937500 +0.937500 -0.026559
+0.968750 +0.937500 -0.026372
+1.000000 +0.937500 -0.025933
+1.031250 +0.937500 -0.025254
+1.062500 +0.937500 -0.024336
+1.093750 +0.937500 -0.023183
+1.125000 +0.937500 -0.021810
+1.156250 +0.937500 -0.020227
+1.187500 +0.937500 -0.018447
+1.218750 +0.937500 -0.016476
+1.250000 +0.937500 -0.014316
+1.281250 +0.937500 -0.011958
+1.312500 +0.937500 -0.009421
+1.343750 +0.937500 -0.007564
+1.375000 +0.937500 -0.004587
+1.406250 +0.937500 -0.002403
+1.437500 +0.937500 +0.000602
+1.468750 +0.937500 +0.002902
+1.500000 +0.937500 +0.005826
+1.531250 +0.937500 +0.008103
+1.562500 +0.937500 +0.010834
+1.593750 +0.937500 +0.012999
+1.625000 +0.937500 +0.015461
+1.656250 +0.937500 +0.017412
+1.687500 +0.937500 +0.019507
+1.718750 +0.937500 +0.021144
+1.750000 +0.937500 +0.022777
+1.781250 +0.937500 +0.024000
+1.812500 +0.937500 +0.025084
+1.843750 +0.937500 +0.025796
+1.875000 +0.937500 +0.026256
+1.906250 +0.937500 +0.026395
+1.937500 +0.937500 +0.026229
+1.968750 +0.937500 +0.025859
+2.000000 +0.937500 +0.025309
+0.000000 +0.968750 +0.034624
+0.031250 +0.968750 +0.033835
+0.062500 +0.968750 +0.032912
+0.093750 +0.968750 +0.031589
+0.125000 +0.968750 +0.029913
+0.156250 +0.968750 +0.027847
+0.187500 +0.968750 +0.025483
+0.218750 +0.968750 +0.022811
+0.250000 +0.968750 +0.019925
+0.281250 +0.968750 +0.016805
+0.312500 +0.968750 +0.013531
+0.343750 +0.968750 +0.010114
+0.375000 +0.968750 +0.006630
+0.406250 +0.968750 +0.003076
+0.437500 +0.968750 -0.000483
+0.468750 +0.968750 -0.004032
+0.500000 +0.968750 -0.007515
+0.531250 +0.968750 -0.010914
+0.562500 +0.968750 -0.014181
+0.593750 +0.968750 -0.017294
+0.625000 +0.968750 -0.020200
+0.656250 +0.968750 -0.022878
+0.687500 +0.968750 -0.025371
+0.718750 +0.968750 -0.027639
+0.750000 +0.968750 -0.029579
+0.781250 +0.968750 -0.031261
+0.812500 +0.968750 -0.032594
+0.843750 +0.968750 -0.033653
+0.875000 +0.968750 -0.034357
+0.906250 +0.968750 -0.034765
+0.937500 +0.968750 -0.034822
+0.968750 +0.968750 -0.034564
+1.000000 +0.968750 -0.033968
+1.031250 +0.968750 -0.033052
+1.062500 +0.968750 -0.031830
+1.093750 +0.968750 -0.030302
+1.125000 +0.968750 -0.028500
+1.156250 +0.968750 -0.026434
+1.187500 +0.968750 -0.024118
+1.218750 +0.968750 -0.021577
+1.250000 +0.968750 -0.018772
+1.281250 +0.968750 -0.015594
+1.312500 +0.968750 -0.011326
+1.343750 +0.968750 -0.011042
+1.375000 +0.968750 -0.005007
+1.406250 +0.968750 -0.003956
+1.437500 +0.968750 +0.001693
+1.468750 +0.968750 +0.003163
+1.500000 +0.968750 +0.008381
+1.531250 +0.968750 +0.010097
+1.562500 +0.968750 +0.014814
+1.593750 +0.968750 +0.016661
+1.625000 +0.968750 +0.020784
+1.656250 +0.968750 +0.022593
+1.687500 +0.968750 +0.026025
+1.718750 +0.968750 +0.027669
+1.750000 +0.968750 +0.030288
+1.781250 +0.968750 +0.031619
+1.812500 +0.968750 +0.033343
+1.843750 +0.968750 +0.034200
+1.875000 +0.968750 +0.034950
+1.906250 +0.968750 +0.035193
+1.937500 +0.968750 +0.034951
+1.968750 +0.968750 +0.034624
+2.000000 +0.968750 +0.033835
+0.000000 +1.000000 +0.043969
+0.031250 +1.000000 +0.042606
+0.062500 +1.000000 +0.041677
+0.093750 +1.000000 +0.039918
+0.125000 +1.000000 +0.037805
+0.156250 +1.000000 +0.035057
+0.187500 +1.000000 +0.032062
+0.218750 +1.000000 +0.028578
+0.250000 +1.000000 +0.024965
+0.281250 +1.000000 +0.020958
+0.312500 +1.000000 +0.016845
+0.343750 +1.000000 +0.012492
+0.375000 +1.000000 +0.008152
+0.406250 +1.000000 +0.003653
+0.437500 +1.000000 -0.000785
+0.468750 +1.000000 -0.005256
+0.500000 +1.000000 -0.009593
+0.531250 +1.000000 -0.013862
+0.562500 +1.000000 -0.017929
+0.593750 +1.000000 -0.021839
+0.625000 +1.000000 -0.025443
+0.656250 +1.000000 -0.028690
+0.687500 +1.000000 -0.031809
+0.718750 +1.000000 -0.034727
+0.750000 +1.000000 -0.037034
+0.781250 +1.000000 -0.039202
+0.812500 +1.000000 -0.040743
+0.843750 +1.000000 -0.042129
+0.875000 +1.000000 -0.042924
+0.906250 +1.000000 -0.043480
+0.937500 +1.000000 -0.043491
+0.968750 +1.000000 -0.043187
+1.000000 +1.000000 -0.042413
+1.031250 +1.000000 -0.041242
+1.062500 +1.000000 -0.039708
+1.093750 +1.000000 -0.037773
+1.125000 +1.000000 -0.035525
+1.156250 +1.000000 -0.032959
+1.187500 +1.000000 -0.030077
+1.218750 +1.000000 -0.027003
+1.250000 +1.000000 -0.023651
+1.281250 +1.000000 -0.020341
+1.312500 +1.000000 -0.009275
+1.343750 +1.000000 -0.020308
+1.375000 +1.000000 -0.000462
+1.406250 +1.000000 -0.010097
+1.437500 +1.000000 +0.006971
+1.468750 +1.000000 -0.000309
+1.500000 +1.000000 +0.014454
+1.531250 +1.000000 +0.009123
+1.562500 +1.000000 +0.021706
+1.593750 +1.000000 +0.018102
+1.625000 +1.000000 +0.028474
+1.656250 +1.000000 +0.026216
+1.687500 +1.000000 +0.034404
+1.718750 +1.000000 +0.033297
+1.750000 +1.000000 +0.039168
+1.781250 +1.000000 +0.038933
+1.812500 +1.000000 +0.042559
+1.843750 +1.000000 +0.042805
+1.875000 +1.000000 +0.044246
+1.906250 +1.000000 +0.044572
+1.937500 +1.000000 +0.043857
+1.968750 +1.000000 +0.043967
+2.000000 +1.000000 +0.042607
