+0.000000 +0.000000 +0.000000
+0.031250 +0.000000 +0.000000
+0.062500 +0.000000 +0.000000
+0.093750 +0.000000 +0.000000
+0.125000 +0.000000 +0.000000
+0.156250 +0.000000 +0.000000
+0.187500 +0.000000 +0.000000
+0.218750 +0.000000 +0.000000
+0.250000 +0.000000 +0.000000
+0.281250 +0.000000 +0.000000
+0.312500 +0.000000 +0.000000
+0.343750 +0.000000 +0.000000
+0.375000 +0.000000 +0.000000
+0.406250 +0.000000 +0.000000
+0.437500 +0.000000 +0.000000
+0.468750 +0.000000 +0.000000
+0.500000 +0.000000 +0.000000
+0.531250 +0.000000 +0.000000
+0.562500 +0.000000 +0.000000
+0.593750 +0.000000 +0.000000
+0.625000 +0.000000 +0.000000
+0.656250 +0.000000 +0.000000
+0.687500 +0.000000 +0.000000
+0.718750 +0.000000 +0.000000
+0.750000 +0.000000 +0.000000
+0.781250 +0.000000 +0.000000
+0.812500 +0.000000 +0.000000
+0.843750 +0.000000 +0.000000
+0.875000 +0.000000 +0.000000
+0.906250 +0.000000 +0.000000
+0.937500 +0.000000 +0.000000
+0.968750 +0.000000 +0.000000
+1.000000 +0.000000 +0.000000
+1.031250 +0.000000 +0.000000
+1.062500 +0.000000 +0.000000
+1.093750 +0.000000 +0.000000
+1.125000 +0.000000 +0.000000
+1.156250 +0.000000 +0.000000
+1.187500 +0.000000 +0.000000
+1.218750 +0.000000 +0.000000
+1.250000 +0.000000 +0.000000
+1.281250 +0.000000 +0.000000
+1.312500 +0.000000 +0.000000
+1.343750 +0.000000 +0.000000
+1.375000 +0.000000 +0.000000
+1.406250 +0.000000 +0.000000
+1.437500 +0.000000 +0.000000
+1.468750 +0.000000 +0.000000
+1.500000 +0.000000 +0.000000
+1.531250 +0.000000 +0.000000
+1.562500 +0.000000 +0.000000
+1.593750 +0.000000 +0.000000
+1.625000 +0.000000 +0.000000
+1.656250 +0.000000 +0.000000
+1.687500 +0.000000 +0.000000
+1.718750 +0.000000 +0.000000
+1.750000 +0.000000 +0.000000
+1.781250 +0.000000 +0.000000
+1.812500 +0.000000 +0.000000
+1.843750 +0.000000 +0.000000
+1.875000 +0.000000 +0.000000
+1.906250 +0.000000 +0.000000
+1.937500 +0.000000 +0.000000
+1.968750 +0.000000 +0.000000
+2.000000 +0.000000 +0.000000
+0.000000 +0.031250 -0.000021
+0.031250 +0.031250 -0.000021
+0.062500 +0.031250 -0.000021
+0.093750 +0.031250 -0.000020
+0.125000 +0.031250 -0.000019
+0.156250 +0.031250 -0.000017
+0.187500 +0.031250 -0.000016
+0.218750 +0.031250 -0.000014
+0.250000 +0.031250 -0.000012
+0.281250 +0.031250 -0.000010
+0.312500 +0.031250 -0.000008
+0.343750 +0.031250 -0.000006
+0.375000 +0.031250 -0.000004
+0.406250 +0.031250 -0.000002
+0.437500 +0.031250 +0.000000
+0.468750 +0.031250 +0.000003
+0.500000 +0.031250 +0.000005
+0.531250 +0.031250 +0.000007
+0.562500 +0.031250 +0.000009
+0.593750 +0.031250 +0.000011
+0.625000 +0.031250 +0.000012
+0.656250 +0.031250 +0.000014
+0.687500 +0.031250 +0.000016
+0.718750 +0.031250 +0.000017
+0.750000 +0.031250 +0.000018
+0.781250 +0.031250 +0.000019
+0.812500 +0.031250 +0.000020
+0.843750 +0.031250 +0.000020
+0.875000 +0.031250 +0.000021
+0.906250 +0.031250 +0.000021
+0.937500 +0.031250 +0.000021
+0.968750 +0.031250 +0.000021
+1.000000 +0.031250 +0.000020
+1.031250 +0.031250 +0.000020
+1.062500 +0.031250 +0.000019
+1.093750 +0.031250 +0.000019
+1.125000 +0.031250 +0.000017
+1.156250 +0.031250 +0.000016
+1.187500 +0.031250 +0.000014
+1.218750 +0.031250 +0.000013
+1.250000 +0.031250 +0.000011
+1.281250 +0.031250 +0.000010
+1.312500 +0.031250 +0.000007
+1.343750 +0.031250 +0.000006
+1.375000 +0.031250 +0.000003
+1.406250 +0.031250 +0.000002
+1.437500 +0.031250 -0.000001
+1.468750 +0.031250 -0.000002
+1.500000 +0.031250 -0.000005
+1.531250 +0.031250 -0.000006
+1.562500 +0.031250 -0.000009
+1.593750 +0.031250 -0.000010
+1.625000 +0.031250 -0.000013
+1.656250 +0.031250 -0.000014
+1.687500 +0.031250 -0.000016
+1.718750 +0.031250 -0.000017
+1.750000 +0.031250 -0.000019
+1.781250 +0.031250 -0.000019
+1.812500 +0.031250 -0.000021
+1.843750 +0.031250 -0.000021
+1.875000 +0.031250 -0.000022
+1.906250 +0.031250 -0.000021
+1.937500 +0.031250 -0.000022
+1.968750 +0.031250 -0.000021
+2.000000 +0.031250 -0.000021
+0.000000 +0.062500 -0.000076
+0.031250 +0.062500 -0.000075
+0.062500 +0.062500 -0.000073
+0.093750 +0.062500 -0.000070
+0.125000 +0.062500 -0.000067
+0.156250 +0.062500 -0.000062
+0.187500 +0.062500 -0.000056
+0.218750 +0.062500 -0.000050
+0.250000 +0.062500 -0.000044
+0.281250 +0.062500 -0.000037
+0.312500 +0.062500 -0.000030
+0.343750 +0.062500 -0.000022
+0.375000 +0.062500 -0.000014
+0.406250 +0.062500 -0.000006
+0.437500 +0.062500 +0.000001
+0.468750 +0.062500 +0.000009
+0.500000 +0.062500 +0.000017
+0.531250 +0.062500 +0.000025
+0.562500 +0.062500 +0.000032
+0.593750 +0.062500 +0.000039
+0.625000 +0.062500 +0.000045
+0.656250 +0.062500 +0.000051
+0.687500 +0.062500 +0.000057
+0.718750 +0.062500 +0.000062
+0.750000 +0.062500 +0.000066
+0.781250 +0.062500 +0.000070
+0.812500 +0.062500 +0.000073
+0.843750 +0.062500 +0.000075
+0.875000 +0.062500 +0.000077
+0.906250 +0.062500 +0.000077
+0.937500 +0.062500 +0.000078
+0.968750 +0.062500 +0.000077
+1.000000 +0.062500 +0.000076
+1.031250 +0.062500 +0.000073
+1.062500 +0.062500 +0.000071
+1.093750 +0.062500 +0.000067
+1.125000 +0.062500 +0.000063
+1.156250 +0.062500 +0.000058
+1.187500 +0.062500 +0.000054
+1.218750 +0.062500 +0.000047
+1.250000 +0.062500 +0.000042
+1.281250 +0.062500 +0.000035
+1.312500 +0.062500 +0.000028
+1.343750 +0.062500 +0.000021
+1.375000 +0.062500 +0.000014
+1.406250 +0.062500 +0.000006
+1.437500 +0.062500 -0.000001
+1.468750 +0.062500 -0.000009
+1.500000 +0.062500 -0.000016
+1.531250 +0.062500 -0.000024
+1.562500 +0.062500 -0.000031
+1.593750 +0.062500 -0.000038
+1.625000 +0.062500 -0.000045
+1.656250 +0.062500 -0.000051
+1.687500 +0.062500 -0.000057
+1.718750 +0.062500 -0.000062
+1.750000 +0.062500 -0.000066
+1.781250 +0.062500 -0.000070
+1.812500 +0.062500 -0.000074
+1.843750 +0.062500 -0.000076
+1.875000 +0.062500 -0.000078
+1.906250 +0.062500 -0.000078
+1.937500 +0.062500 -0.000078
+1.968750 +0.062500 -0.000076
+2.000000 +0.062500 -0.000075
+0.000000 +0.093750 -0.000156
+0.031250 +0.093750 -0.000156
+0.062500 +0.093750 -0.000152
+0.093750 +0.093750 -0.000146
+0.125000 +0.093750 -0.000138
+0.156250 +0.093750 -0.000128
+0.187500 +0.093750 -0.000117
+0.218750 +0.093750 -0.000105
+0.250000 +0.093750 -0.000091
+0.281250 +0.093750 -0.000077
+0.312500 +0.093750 -0.000062
+0.343750 +0.093750 -0.000046
+0.375000 +0.093750 -0.000030
+0.406250 +0.093750 -0.000014
+0.437500 +0.093750 +0.000002
+0.468750 +0.093750 +0.000019
+0.500000 +0.093750 +0.000035
+0.531250 +0.093750 +0.000050
+0.562500 +0.093750 +0.000065
+0.593750 +0.093750 +0.000079
+0.625000 +0.093750 +0.000093
+0.656250 +0.093750 +0.000105
+0.687500 +0.093750 +0.000116
+0.718750 +0.093750 +0.000127
+0.750000 +0.093750 +0.000136
+0.781250 +0.093750 +0.000143
+0.812500 +0.093750 +0.000149
+0.843750 +0.093750 +0.000155
+0.875000 +0.093750 +0.000157
+0.906250 +0.093750 +0.000160
+0.937500 +0.093750 +0.000159
+0.968750 +0.093750 +0.000159
+1.000000 +0.093750 +0.000155
+1.031250 +0.093750 +0.000152
+1.062500 +0.093750 +0.000145
+1.093750 +0.093750 +0.000139
+1.125000 +0.093750 +0.000130
+1.156250 +0.093750 +0.000121
+1.187500 +0.093750 +0.000110
+1.218750 +0.093750 +0.000099
+1.250000 +0.093750 +0.000085
+1.281250 +0.093750 +0.000073
+1.312500 +0.093750 +0.000058
+1.343750 +0.093750 +0.000044
+1.375000 +0.093750 +0.000028
+1.406250 +0.093750 +0.000013
+1.437500 +0.093750 -0.000004
+1.468750 +0.093750 -0.000018
+1.500000 +0.093750 -0.000035
+1.531250 +0.093750 -0.000049
+1.562500 +0.093750 -0.000065
+1.593750 +0.093750 -0.000079
+1.625000 +0.093750 -0.000093
+1.656250 +0.093750 -0.000105
+1.687500 +0.093750 -0.000118
+1.718750 +0.093750 -0.000127
+1.750000 +0.093750 -0.000138
+1.781250 +0.093750 -0.000145
+1.812500 +0.093750 -0.000152
+1.843750 +0.093750 -0.000157
+1.875000 +0.093750 -0.000160
+1.906250 +0.093750 -0.000161
+1.937500 +0.093750 -0.000160
+1.968750 +0.093750 -0.000156
+2.000000 +0.093750 -0.000156
+0.000000 +0.125000 -0.000257
+0.031250 +0.125000 -0.000255
+0.062500 +0.125000 -0.000248
+0.093750 +0.125000 -0.000239
+0.125000 +0.125000 -0.000226
+0.156250 +0.125000 -0.000210
+0.187500 +0.125000 -0.000192
+0.218750 +0.125000 -0.000172
+0.250000 +0.125000 -0.000150
+0.281250 +0.125000 -0.000126
+0.312500 +0.125000 -0.000101
+0.343750 +0.125000 -0.000075
+0.375000 +0.125000 -0.000049
+0.406250 +0.125000 -0.000022
+0.437500 +0.125000 +0.000004
+0.468750 +0.125000 +0.000031
+0.500000 +0.125000 +0.000057
+0.531250 +0.125000 +0.000083
+0.562500 +0.125000 +0.000107
+0.593750 +0.125000 +0.000131
+0.625000 +0.125000 +0.000152
+0.656250 +0.125000 +0.000173
+0.687500 +0.125000 +0.000192
+0.718750 +0.125000 +0.000208
+0.750000 +0.125000 +0.000223
+0.781250 +0.125000 +0.000235
+0.812500 +0.125000 +0.000246
+0.843750 +0.125000 +0.000253
+0.875000 +0.125000 +0.000259
+0.906250 +0.125000 +0.000261
+0.937500 +0.125000 +0.000262
+0.968750 +0.125000 +0.000259
+1.000000 +0.125000 +0.000256
+1.031250 +0.125000 +0.000248
+1.062500 +0.125000 +0.000240
+1.093750 +0.125000 +0.000227
+1.125000 +0.125000 +0.000214
+1.156250 +0.125000 +0.000198
+1.187500 +0.125000 +0.000181
+1.218750 +0.125000 +0.000161
+1.250000 +0.125000 +0.000141
+1.281250 +0.125000 +0.000119
+1.312500 +0.125000 +0.000096
+1.343750 +0.125000 +0.000071
+1.375000 +0.125000 +0.000047
+1.406250 +0.125000 +0.000021
+1.437500 +0.125000 -0.000005
+1.468750 +0.125000 -0.000031
+1.500000 +0.125000 -0.000056
+1.531250 +0.125000 -0.000082
+1.562500 +0.125000 -0.000106
+1.593750 +0.125000 -0.000129
+1.625000 +0.125000 -0.000152
+1.656250 +0.125000 -0.000173
+1.687500 +0.125000 -0.000192
+1.718750 +0.125000 -0.000209
+1.750000 +0.125000 -0.000225
+1.781250 +0.125000 -0.000238
+1.812500 +0.125000 -0.000249
+1.843750 +0.125000 -0.000257
+1.875000 +0.125000 -0.000262
+1.906250 +0.125000 -0.000264
+1.937500 +0.125000 -0.000263
+1.968750 +0.125000 -0.000257
+2.000000 +0.125000 -0.000255
+0.000000 +0.156250 -0.000370
+0.031250 +0.156250 -0.000367
+0.062500 +0.156250 -0.000358
+0.093750 +0.156250 -0.000344
+0.125000 +0.156250 -0.000325
+0.156250 +0.156250 -0.000303
+0.187500 +0.156250 -0.000277
+0.218750 +0.156250 -0.000248
+0.250000 +0.156250 -0.000216
+0.281250 +0.156250 -0.000182
+0.312500 +0.156250 -0.000147
+0.343750 +0.156250 -0.000110
+0.375000 +0.156250 -0.000072
+0.406250 +0.156250 -0.000034
+0.437500 +0.156250 +0.000005
+0.468750 +0.156250 +0.000043
+0.500000 +0.156250 +0.000081
+0.531250 +0.156250 +0.000117
+0.562500 +0.156250 +0.000153
+0.593750 +0.156250 +0.000187
+0.625000 +0.156250 +0.000218
+0.656250 +0.156250 +0.000248
+0.687500 +0.156250 +0.000275
+0.718750 +0.156250 +0.000299
+0.750000 +0.156250 +0.000320
+0.781250 +0.156250 +0.000339
+0.812500 +0.156250 +0.000353
+0.843750 +0.156250 +0.000365
+0.875000 +0.156250 +0.000372
+0.906250 +0.156250 +0.000377
+0.937500 +0.156250 +0.000377
+0.968750 +0.156250 +0.000375
+1.000000 +0.156250 +0.000368
+1.031250 +0.156250 +0.000359
+1.062500 +0.156250 +0.000344
+1.093750 +0.156250 +0.000329
+1.125000 +0.156250 +0.000308
+1.156250 +0.156250 +0.000287
+1.187500 +0.156250 +0.000261
+1.218750 +0.156250 +0.000234
+1.250000 +0.156250 +0.000203
+1.281250 +0.156250 +0.000172
+1.312500 +0.156250 +0.000138
+1.343750 +0.156250 +0.000104
+1.375000 +0.156250 +0.000067
+1.406250 +0.156250 +0.000031
+1.437500 +0.156250 -0.000007
+1.468750 +0.156250 -0.000044
+1.500000 +0.156250 -0.000081
+1.531250 +0.156250 -0.000117
+1.562500 +0.156250 -0.000152
+1.593750 +0.156250 -0.000186
+1.625000 +0.156250 -0.000219
+1.656250 +0.156250 -0.000249
+1.687500 +0.156250 -0.000277
+1.718750 +0.156250 -0.000302
+1.750000 +0.156250 -0.000325
+1.781250 +0.156250 -0.000343
+1.812500 +0.156250 -0.000359
+1.843750 +0.156250 -0.000370
+1.875000 +0.156250 -0.000378
+1.906250 +0.156250 -0.000380
+1.937500 +0.156250 -0.000378
+1.968750 +0.156250 -0.000370
+2.000000 +0.156250 -0.000367
+0.000000 +0.187500 -0.000491
+0.031250 +0.187500 -0.000487
+0.062500 +0.187500 -0.000475
+0.093750 +0.187500 -0.000456
+0.125000 +0.187500 -0.000432
+0.156250 +0.187500 -0.000402
+0.187500 +0.187500 -0.000367
+0.218750 +0.187500 -0.000329
+0.250000 +0.187500 -0.000287
+0.281250 +0.187500 -0.000242
+0.312500 +0.187500 -0.000195
+0.343750 +0.187500 -0.000146
+0.375000 +0.187500 -0.000096
+0.406250 +0.187500 -0.000044
+0.437500 +0.187500 +0.000007
+0.468750 +0.187500 +0.000058
+0.500000 +0.187500 +0.000108
+0.531250 +0.187500 +0.000156
+0.562500 +0.187500 +0.000203
+0.593750 +0.187500 +0.000248
+0.625000 +0.187500 +0.000290
+0.656250 +0.187500 +0.000329
+0.687500 +0.187500 +0.000365
+0.718750 +0.187500 +0.000397
+0.750000 +0.187500 +0.000426
+0.781250 +0.187500 +0.000449
+0.812500 +0.187500 +0.000470
+0.843750 +0.187500 +0.000484
+0.875000 +0.187500 +0.000495
+0.906250 +0.187500 +0.000500
+0.937500 +0.187500 +0.000502
+0.968750 +0.187500 +0.000497
+1.000000 +0.187500 +0.000489
+1.031250 +0.187500 +0.000475
+1.062500 +0.187500 +0.000459
+1.093750 +0.187500 +0.000436
+1.125000 +0.187500 +0.000411
+1.156250 +0.187500 +0.000380
+1.187500 +0.187500 +0.000347
+1.218750 +0.187500 +0.000310
+1.250000 +0.187500 +0.000271
+1.281250 +0.187500 +0.000228
+1.312500 +0.187500 +0.000184
+1.343750 +0.187500 +0.000137
+1.375000 +0.187500 +0.000090
+1.406250 +0.187500 +0.000041
+1.437500 +0.187500 -0.000008
+1.468750 +0.187500 -0.000058
+1.500000 +0.187500 -0.000107
+1.531250 +0.187500 -0.000155
+1.562500 +0.187500 -0.000202
+1.593750 +0.187500 -0.000247
+1.625000 +0.187500 -0.000290
+1.656250 +0.187500 -0.000330
+1.687500 +0.187500 -0.000367
+1.718750 +0.187500 -0.000401
+1.750000 +0.187500 -0.000430
+1.781250 +0.187500 -0.000455
+1.812500 +0.187500 -0.000476
+1.843750 +0.187500 -0.000491
+1.875000 +0.187500 -0.000501
+1.906250 +0.187500 -0.000504
+1.937500 +0.187500 -0.000502
+1.968750 +0.187500 -0.000491
+2.000000 +0.187500 -0.000487
+0.000000 +0.218750 -0.000615
+0.031250 +0.218750 -0.000610
+0.062500 +0.218750 -0.000594
+0.093750 +0.218750 -0.000571
+0.125000 +0.218750 -0.000541
+0.156250 +0.218750 -0.000504
+0.187500 +0.218750 -0.000461
+0.218750 +0.218750 -0.000413
+0.250000 +0.218750 -0.000361
+0.281250 +0.218750 -0.000305
+0.312500 +0.218750 -0.000246
+0.343750 +0.218750 -0.000184
+0.375000 +0.218750 -0.000122
+0.406250 +0.218750 -0.000057
+0.437500 +0.218750 +0.000006
+0.468750 +0.218750 +0.000070
+0.500000 +0.218750 +0.000133
+0.531250 +0.218750 +0.000194
+0.562500 +0.218750 +0.000253
+0.593750 +0.218750 +0.000309
+0.625000 +0.218750 +0.000362
+0.656250 +0.218750 +0.000411
+0.687500 +0.218750 +0.000456
+0.718750 +0.218750 +0.000497
+0.750000 +0.218750 +0.000531
+0.781250 +0.218750 +0.000563
+0.812500 +0.218750 +0.000586
+0.843750 +0.218750 +0.000606
+0.875000 +0.218750 +0.000619
+0.906250 +0.218750 +0.000627
+0.937500 +0.218750 +0.000627
+0.968750 +0.218750 +0.000623
+1.000000 +0.218750 +0.000612
+1.031250 +0.218750 +0.000596
+1.062500 +0.218750 +0.000574
+1.093750 +0.218750 +0.000547
+1.125000 +0.218750 +0.000514
+1.156250 +0.218750 +0.000477
+1.187500 +0.218750 +0.000435
+1.218750 +0.218750 +0.000390
+1.250000 +0.218750 +0.000340
+1.281250 +0.218750 +0.000287
+1.312500 +0.218750 +0.000231
+1.343750 +0.218750 +0.000173
+1.375000 +0.218750 +0.000113
+1.406250 +0.218750 +0.000052
+1.437500 +0.218750 -0.000010
+1.468750 +0.218750 -0.000072
+1.500000 +0.218750 -0.000133
+1.531250 +0.218750 -0.000194
+1.562500 +0.218750 -0.000252
+1.593750 +0.218750 -0.000309
+1.625000 +0.218750 -0.000363
+1.656250 +0.218750 -0.000413
+1.687500 +0.218750 -0.000459
+1.718750 +0.218750 -0.000501
+1.750000 +0.218750 -0.000539
+1.781250 +0.218750 -0.000570
+1.812500 +0.218750 -0.000596
+1.843750 +0.218750 -0.000614
+1.875000 +0.218750 -0.000627
+1.906250 +0.218750 -0.000631
+1.937500 +0.218750 -0.000628
+1.968750 +0.218750 -0.000615
+2.000000 +0.218750 -0.000610
+0.000000 +0.250000 -0.000738
+0.031250 +0.250000 -0.000730
+0.062500 +0.250000 -0.000712
+0.093750 +0.250000 -0.000684
+0.125000 +0.250000 -0.000648
+0.156250 +0.250000 -0.000603
+0.187500 +0.250000 -0.000552
+0.218750 +0.250000 -0.000494
+0.250000 +0.250000 -0.000432
+0.281250 +0.250000 -0.000364
+0.312500 +0.250000 -0.000294
+0.343750 +0.250000 -0.000220
+0.375000 +0.250000 -0.000145
+0.406250 +0.250000 -0.000068
+0.437500 +0.250000 +0.000008
+0.468750 +0.250000 +0.000085
+0.500000 +0.250000 +0.000159
+0.531250 +0.250000 +0.000233
+0.562500 +0.250000 +0.000303
+0.593750 +0.250000 +0.000370
+0.625000 +0.250000 +0.000434
+0.656250 +0.250000 +0.000493
+0.687500 +0.250000 +0.000547
+0.718750 +0.250000 +0.000595
+0.750000 +0.250000 +0.000638
+0.781250 +0.250000 +0.000673
+0.812500 +0.250000 +0.000704
+0.843750 +0.250000 +0.000726
+0.875000 +0.250000 +0.000742
+0.906250 +0.250000 +0.000751
+0.937500 +0.250000 +0.000753
+0.968750 +0.250000 +0.000747
+1.000000 +0.250000 +0.000735
+1.031250 +0.250000 +0.000715
+1.062500 +0.250000 +0.000689
+1.093750 +0.250000 +0.000656
+1.125000 +0.250000 +0.000617
+1.156250 +0.250000 +0.000573
+1.187500 +0.250000 +0.000523
+1.218750 +0.250000 +0.000467
+1.250000 +0.250000 +0.000408
+1.281250 +0.250000 +0.000344
+1.312500 +0.250000 +0.000278
+1.343750 +0.250000 +0.000208
+1.375000 +0.250000 +0.000136
+1.406250 +0.250000 +0.000063
+1.437500 +0.250000 -0.000011
+1.468750 +0.250000 -0.000086
+1.500000 +0.250000 -0.000159
+1.531250 +0.250000 -0.000232
+1.562500 +0.250000 -0.000302
+1.593750 +0.250000 -0.000370
+1.625000 +0.250000 -0.000434
+1.656250 +0.250000 -0.000495
+1.687500 +0.250000 -0.000550
+1.718750 +0.250000 -0.000601
+1.750000 +0.250000 -0.000645
+1.781250 +0.250000 -0.000683
+1.812500 +0.250000 -0.000713
+1.843750 +0.250000 -0.000736
+1.875000 +0.250000 -0.000751
+1.906250 +0.250000 -0.000756
+1.937500 +0.250000 -0.000752
+1.968750 +0.250000 -0.000738
+2.000000 +0.250000 -0.000730
+0.000000 +0.281250 -0.000854
+0.031250 +0.281250 -0.000846
+0.062500 +0.281250 -0.000826
+0.093750 +0.281250 -0.000794
+0.125000 +0.281250 -0.000752
+0.156250 +0.281250 -0.000700
+0.187500 +0.281250 -0.000641
+0.218750 +0.281250 -0.000575
+0.250000 +0.281250 -0.000502
+0.281250 +0.281250 -0.000424
+0.312500 +0.281250 -0.000343
+0.343750 +0.281250 -0.000257
+0.375000 +0.281250 -0.000170
+0.406250 +0.281250 -0.000081
+0.437500 +0.281250 +0.000007
+0.468750 +0.281250 +0.000096
+0.500000 +0.281250 +0.000183
+0.531250 +0.281250 +0.000268
+0.562500 +0.281250 +0.000350
+0.593750 +0.281250 +0.000428
+0.625000 +0.281250 +0.000501
+0.656250 +0.281250 +0.000571
+0.687500 +0.281250 +0.000632
+0.718750 +0.281250 +0.000689
+0.750000 +0.281250 +0.000738
+0.781250 +0.281250 +0.000781
+0.812500 +0.281250 +0.000814
+0.843750 +0.281250 +0.000841
+0.875000 +0.281250 +0.000859
+0.906250 +0.281250 +0.000870
+0.937500 +0.281250 +0.000872
+0.968750 +0.281250 +0.000866
+1.000000 +0.281250 +0.000851
+1.031250 +0.281250 +0.000829
+1.062500 +0.281250 +0.000798
+1.093750 +0.281250 +0.000761
+1.125000 +0.281250 +0.000716
+1.156250 +0.281250 +0.000664
+1.187500 +0.281250 +0.000606
+1.218750 +0.281250 +0.000542
+1.250000 +0.281250 +0.000473
+1.281250 +0.281250 +0.000400
+1.312500 +0.281250 +0.000322
+1.343750 +0.281250 +0.000242
+1.375000 +0.281250 +0.000159
+1.406250 +0.281250 +0.000074
+1.437500 +0.281250 -0.000013
+1.468750 +0.281250 -0.000099
+1.500000 +0.281250 -0.000184
+1.531250 +0.281250 -0.000268
+1.562500 +0.281250 -0.000350
+1.593750 +0.281250 -0.000428
+1.625000 +0.281250 -0.000503
+1.656250 +0.281250 -0.000572
+1.687500 +0.281250 -0.000637
+1.718750 +0.281250 -0.000695
+1.750000 +0.281250 -0.000747
+1.781250 +0.281250 -0.000790
+1.812500 +0.281250 -0.000826
+1.843750 +0.281250 -0.000852
+1.875000 +0.281250 -0.000870
+1.906250 +0.281250 -0.000875
+1.937500 +0.281250 -0.000871
+1.968750 +0.281250 -0.000854
+2.000000 +0.281250 -0.000846
+0.000000 +0.312500 -0.000963
+0.031250 +0.312500 -0.000952
+0.062500 +0.312500 -0.000929
+0.093750 +0.312500 -0.000893
+0.125000 +0.312500 -0.000845
+0.156250 +0.312500 -0.000788
+0.187500 +0.312500 -0.000721
+0.218750 +0.312500 -0.000646
+0.250000 +0.312500 -0.000565
+0.281250 +0.312500 -0.000477
+0.312500 +0.312500 -0.000385
+0.343750 +0.312500 -0.000290
+0.375000 +0.312500 -0.000192
+0.406250 +0.312500 -0.000092
+0.437500 +0.312500 +0.000008
+0.468750 +0.312500 +0.000108
+0.500000 +0.312500 +0.000206
+0.531250 +0.312500 +0.000302
+0.562500 +0.312500 +0.000394
+0.593750 +0.312500 +0.000482
+0.625000 +0.312500 +0.000565
+0.656250 +0.312500 +0.000641
+0.687500 +0.312500 +0.000712
+0.718750 +0.312500 +0.000775
+0.750000 +0.312500 +0.000831
+0.781250 +0.312500 +0.000878
+0.812500 +0.312500 +0.000917
+0.843750 +0.312500 +0.000947
+0.875000 +0.312500 +0.000968
+0.906250 +0.312500 +0.000980
+0.937500 +0.312500 +0.000982
+0.968750 +0.312500 +0.000975
+1.000000 +0.312500 +0.000959
+1.031250 +0.312500 +0.000934
+1.062500 +0.312500 +0.000900
+1.093750 +0.312500 +0.000857
+1.125000 +0.312500 +0.000807
+1.156250 +0.312500 +0.000749
+1.187500 +0.312500 +0.000683
+1.218750 +0.312500 +0.000612
+1.250000 +0.312500 +0.000534
+1.281250 +0.312500 +0.000451
+1.312500 +0.312500 +0.000364
+1.343750 +0.312500 +0.000273
+1.375000 +0.312500 +0.000179
+1.406250 +0.312500 +0.000083
+1.437500 +0.312500 -0.000013
+1.468750 +0.312500 -0.000111
+1.500000 +0.312500 -0.000207
+1.531250 +0.312500 -0.000302
+1.562500 +0.312500 -0.000393
+1.593750 +0.312500 -0.000482
+1.625000 +0.312500 -0.000565
+1.656250 +0.312500 -0.000645
+1.687500 +0.312500 -0.000717
+1.718750 +0.312500 -0.000783
+1.750000 +0.312500 -0.000840
+1.781250 +0.312500 -0.000890
+1.812500 +0.312500 -0.000929
+1.843750 +0.312500 -0.000960
+1.875000 +0.312500 -0.000978
+1.906250 +0.312500 -0.000986
+1.937500 +0.312500 -0.000980
+1.968750 +0.312500 -0.000963
+2.000000 +0.312500 -0.000952
+0.000000 +0.343750 -0.001057
+0.031250 +0.343750 -0.001049
+0.062500 +0.343750 -0.001023
+0.093750 +0.343750 -0.000984
+0.125000 +0.343750 -0.000931
+0.156250 +0.343750 -0.000868
+0.187500 +0.343750 -0.000795
+0.218750 +0.343750 -0.000713
+0.250000 +0.343750 -0.000623
+0.281250 +0.343750 -0.000527
+0.312500 +0.343750 -0.000426
+0.343750 +0.343750 -0.000320
+0.375000 +0.343750 -0.000212
+0.406250 +0.343750 -0.000102
+0.437500 +0.343750 +0.000008
+0.468750 +0.343750 +0.000118
+0.500000 +0.343750 +0.000225
+0.531250 +0.343750 +0.000331
+0.562500 +0.343750 +0.000432
+0.593750 +0.343750 +0.000530
+0.625000 +0.343750 +0.000620
+0.656250 +0.343750 +0.000705
+0.687500 +0.343750 +0.000782
+0.718750 +0.343750 +0.000853
+0.750000 +0.343750 +0.000913
+0.781250 +0.343750 +0.000966
+0.812500 +0.343750 +0.001009
+0.843750 +0.343750 +0.001042
+0.875000 +0.343750 +0.001065
+0.906250 +0.343750 +0.001078
+0.937500 +0.343750 +0.001081
+0.968750 +0.343750 +0.001073
+1.000000 +0.343750 +0.001055
+1.031250 +0.343750 +0.001028
+1.062500 +0.343750 +0.000990
+1.093750 +0.343750 +0.000944
+1.125000 +0.343750 +0.000888
+1.156250 +0.343750 +0.000824
+1.187500 +0.343750 +0.000752
+1.218750 +0.343750 +0.000673
+1.250000 +0.343750 +0.000588
+1.281250 +0.343750 +0.000498
+1.312500 +0.343750 +0.000401
+1.343750 +0.343750 +0.000301
+1.375000 +0.343750 +0.000197
+1.406250 +0.343750 +0.000092
+1.437500 +0.343750 -0.000015
+1.468750 +0.343750 -0.000121
+1.500000 +0.343750 -0.000227
+1.531250 +0.343750 -0.000331
+1.562500 +0.343750 -0.000432
+1.593750 +0.343750 -0.000529
+1.625000 +0.343750 -0.000622
+1.656250 +0.343750 -0.000708
+1.687500 +0.343750 -0.000789
+1.718750 +0.343750 -0.000860
+1.750000 +0.343750 -0.000925
+1.781250 +0.343750 -0.000978
+1.812500 +0.343750 -0.001023
+1.843750 +0.343750 -0.001054
+1.875000 +0.343750 -0.001077
+1.906250 +0.343750 -0.001083
+1.937500 +0.343750 -0.001079
+1.968750 +0.343750 -0.001057
+2.000000 +0.343750 -0.001049
+0.000000 +0.375000 -0.001141
+0.031250 +0.375000 -0.001128
+0.062500 +0.375000 -0.001101
+0.093750 +0.375000 -0.001058
+0.125000 +0.375000 -0.001002
+0.156250 +0.375000 -0.000934
+0.187500 +0.375000 -0.000855
+0.218750 +0.375000 -0.000767
+0.250000 +0.375000 -0.000671
+0.281250 +0.375000 -0.000567
+0.312500 +0.375000 -0.000459
+0.343750 +0.375000 -0.000345
+0.375000 +0.375000 -0.000229
+0.406250 +0.375000 -0.000111
+0.437500 +0.375000 +0.000008
+0.468750 +0.375000 +0.000126
+0.500000 +0.375000 +0.000242
+0.531250 +0.375000 +0.000356
+0.562500 +0.375000 +0.000466
+0.593750 +0.375000 +0.000570
+0.625000 +0.375000 +0.000668
+0.656250 +0.375000 +0.000760
+0.687500 +0.375000 +0.000844
+0.718750 +0.375000 +0.000919
+0.750000 +0.375000 +0.000985
+0.781250 +0.375000 +0.001042
+0.812500 +0.375000 +0.001088
+0.843750 +0.375000 +0.001124
+0.875000 +0.375000 +0.001149
+0.906250 +0.375000 +0.001163
+0.937500 +0.375000 +0.001166
+0.968750 +0.375000 +0.001158
+1.000000 +0.375000 +0.001139
+1.031250 +0.375000 +0.001109
+1.062500 +0.375000 +0.001069
+1.093750 +0.375000 +0.001019
+1.125000 +0.375000 +0.000959
+1.156250 +0.375000 +0.000890
+1.187500 +0.375000 +0.000812
+1.218750 +0.375000 +0.000727
+1.250000 +0.375000 +0.000636
+1.281250 +0.375000 +0.000537
+1.312500 +0.375000 +0.000434
+1.343750 +0.375000 +0.000325
+1.375000 +0.375000 +0.000214
+1.406250 +0.375000 +0.000100
+1.437500 +0.375000 -0.000014
+1.468750 +0.375000 -0.000130
+1.500000 +0.375000 -0.000243
+1.531250 +0.375000 -0.000357
+1.562500 +0.375000 -0.000464
+1.593750 +0.375000 -0.000570
+1.625000 +0.375000 -0.000668
+1.656250 +0.375000 -0.000763
+1.687500 +0.375000 -0.000848
+1.718750 +0.375000 -0.000928
+1.750000 +0.375000 -0.000994
+1.781250 +0.375000 -0.001055
+1.812500 +0.375000 -0.001100
+1.843750 +0.375000 -0.001137
+1.875000 +0.375000 -0.001158
+1.906250 +0.375000 -0.001169
+1.937500 +0.375000 -0.001161
+1.968750 +0.375000 -0.001141
+2.000000 +0.375000 -0.001128
+0.000000 +0.406250 -0.001205
+0.031250 +0.406250 -0.001195
+0.062500 +0.406250 -0.001166
+0.093750 +0.406250 -0.001121
+0.125000 +0.406250 -0.001061
+0.156250 +0.406250 -0.000989
+0.187500 +0.406250 -0.000906
+0.218750 +0.406250 -0.000813
+0.250000 +0.406250 -0.000711
+0.281250 +0.406250 -0.000601
+0.312500 +0.406250 -0.000486
+0.343750 +0.406250 -0.000366
+0.375000 +0.406250 -0.000243
+0.406250 +0.406250 -0.000117
+0.437500 +0.406250 +0.000008
+0.468750 +0.406250 +0.000133
+0.500000 +0.406250 +0.000256
+0.531250 +0.406250 +0.000377
+0.562500 +0.406250 +0.000492
+0.593750 +0.406250 +0.000602
+0.625000 +0.406250 +0.000706
+0.656250 +0.406250 +0.000803
+0.687500 +0.406250 +0.000891
+0.718750 +0.406250 +0.000971
+0.750000 +0.406250 +0.001040
+0.781250 +0.406250 +0.001100
+0.812500 +0.406250 +0.001149
+0.843750 +0.406250 +0.001187
+0.875000 +0.406250 +0.001213
+0.906250 +0.406250 +0.001228
+0.937500 +0.406250 +0.001231
+0.968750 +0.406250 +0.001223
+1.000000 +0.406250 +0.001203
+1.031250 +0.406250 +0.001171
+1.062500 +0.406250 +0.001129
+1.093750 +0.406250 +0.001076
+1.125000 +0.406250 +0.001013
+1.156250 +0.406250 +0.000940
+1.187500 +0.406250 +0.000858
+1.218750 +0.406250 +0.000770
+1.250000 +0.406250 +0.000671
+1.281250 +0.406250 +0.000569
+1.312500 +0.406250 +0.000458
+1.343750 +0.406250 +0.000345
+1.375000 +0.406250 +0.000226
+1.406250 +0.406250 +0.000107
+1.437500 +0.406250 -0.000016
+1.468750 +0.406250 -0.000136
+1.500000 +0.406250 -0.000258
+1.531250 +0.406250 -0.000375
+1.562500 +0.406250 -0.000492
+1.593750 +0.406250 -0.000601
+1.625000 +0.406250 -0.000708
+1.656250 +0.406250 -0.000805
+1.687500 +0.406250 -0.000898
+1.718750 +0.406250 -0.000979
+1.750000 +0.406250 -0.001053
+1.781250 +0.406250 -0.001113
+1.812500 +0.406250 -0.001165
+1.843750 +0.406250 -0.001201
+1.875000 +0.406250 -0.001227
+1.906250 +0.406250 -0.001234
+1.937500 +0.406250 -0.001229
+1.968750 +0.406250 -0.001205
+2.000000 +0.406250 -0.001195
+0.000000 +0.437500 -0.001254
+0.031250 +0.437500 -0.001241
+0.062500 +0.437500 -0.001211
+0.093750 +0.437500 -0.001164
+0.125000 +0.437500 -0.001103
+0.156250 +0.437500 -0.001028
+0.187500 +0.437500 -0.000942
+0.218750 +0.437500 -0.000845
+0.250000 +0.437500 -0.000739
+0.281250 +0.437500 -0.000625
+0.312500 +0.437500 -0.000505
+0.343750 +0.437500 -0.000380
+0.375000 +0.437500 -0.000252
+0.406250 +0.437500 -0.000122
+0.437500 +0.437500 +0.000008
+0.468750 +0.437500 +0.000138
+0.500000 +0.437500 +0.000266
+0.531250 +0.437500 +0.000391
+0.562500 +0.437500 +0.000511
+0.593750 +0.437500 +0.000626
+0.625000 +0.437500 +0.000734
+0.656250 +0.437500 +0.000835
+0.687500 +0.437500 +0.000927
+0.718750 +0.437500 +0.001010
+0.750000 +0.437500 +0.001083
+0.781250 +0.437500 +0.001145
+0.812500 +0.437500 +0.001196
+0.843750 +0.437500 +0.001236
+0.875000 +0.437500 +0.001263
+0.906250 +0.437500 +0.001279
+0.937500 +0.437500 +0.001282
+0.968750 +0.437500 +0.001274
+1.000000 +0.437500 +0.001253
+1.031250 +0.437500 +0.001220
+1.062500 +0.437500 +0.001176
+1.093750 +0.437500 +0.001121
+1.125000 +0.437500 +0.001055
+1.156250 +0.437500 +0.000979
+1.187500 +0.437500 +0.000895
+1.218750 +0.437500 +0.000800
+1.250000 +0.437500 +0.000700
+1.281250 +0.437500 +0.000590
+1.312500 +0.437500 +0.000478
+1.343750 +0.437500 +0.000357
+1.375000 +0.437500 +0.000237
+1.406250 +0.437500 +0.000110
+1.437500 +0.437500 -0.000015
+1.468750 +0.437500 -0.000143
+1.500000 +0.437500 -0.000266
+1.531250 +0.437500 -0.000392
+1.562500 +0.437500 -0.000510
+1.593750 +0.437500 -0.000627
+1.625000 +0.437500 -0.000734
+1.656250 +0.437500 -0.000839
+1.687500 +0.437500 -0.000932
+1.718750 +0.437500 -0.001020
+1.750000 +0.437500 -0.001093
+1.781250 +0.437500 -0.001159
+1.812500 +0.437500 -0.001210
+1.843750 +0.437500 -0.001250
+1.875000 +0.437500 -0.001274
+1.906250 +0.437500 -0.001285
+1.937500 +0.437500 -0.001277
+1.968750 +0.437500 -0.001254
+2.000000 +0.437500 -0.001241
+0.000000 +0.468750 -0.001283
+0.031250 +0.468750 -0.001271
+0.062500 +0.468750 -0.001240
+0.093750 +0.468750 -0.001192
+0.125000 +0.468750 -0.001129
+0.156250 +0.468750 -0.001053
+0.187500 +0.468750 -0.000964
+0.218750 +0.468750 -0.000864
+0.250000 +0.468750 -0.000756
+0.281250 +0.468750 -0.000639
+0.312500 +0.468750 -0.000517
+0.343750 +0.468750 -0.000389
+0.375000 +0.468750 -0.000259
+0.406250 +0.468750 -0.000126
+0.437500 +0.468750 +0.000008
+0.468750 +0.468750 +0.000141
+0.500000 +0.468750 +0.000271
+0.531250 +0.468750 +0.000399
+0.562500 +0.468750 +0.000522
+0.593750 +0.468750 +0.000639
+0.625000 +0.468750 +0.000750
+0.656250 +0.468750 +0.000853
+0.687500 +0.468750 +0.000947
+0.718750 +0.468750 +0.001032
+0.750000 +0.468750 +0.001106
+0.781250 +0.468750 +0.001170
+0.812500 +0.468750 +0.001222
+0.843750 +0.468750 +0.001262
+0.875000 +0.468750 +0.001291
+0.906250 +0.468750 +0.001307
+0.937500 +0.468750 +0.001310
+0.968750 +0.468750 +0.001302
+1.000000 +0.468750 +0.001280
+1.031250 +0.468750 +0.001247
+1.062500 +0.468750 +0.001202
+1.093750 +0.468750 +0.001146
+1.125000 +0.468750 +0.001079
+1.156250 +0.468750 +0.001003
+1.187500 +0.468750 +0.000914
+1.218750 +0.468750 +0.000820
+1.250000 +0.468750 +0.000714
+1.281250 +0.468750 +0.000606
+1.312500 +0.468750 +0.000487
+1.343750 +0.468750 +0.000368
+1.375000 +0.468750 +0.000240
+1.406250 +0.468750 +0.000115
+1.437500 +0.468750 -0.000017
+1.468750 +0.468750 -0.000144
+1.500000 +0.468750 -0.000275
+1.531250 +0.468750 -0.000399
+1.562500 +0.468750 -0.000523
+1.593750 +0.468750 -0.000639
+1.625000 +0.468750 -0.000753
+1.656250 +0.468750 -0.000857
+1.687500 +0.468750 -0.000955
+1.718750 +0.468750 -0.001041
+1.750000 +0.468750 -0.001120
+1.781250 +0.468750 -0.001185
+1.812500 +0.468750 -0.001239
+1.843750 +0.468750 -0.001278
+1.875000 +0.468750 -0.001305
+1.906250 +0.468750 -0.001313
+1.937500 +0.468750 -0.001308
+1.968750 +0.468750 -0.001283
+2.000000 +0.468750 -0.001271
+0.000000 +0.500000 -0.001293
+0.031250 +0.500000 -0.001280
+0.062500 +0.500000 -0.001249
+0.093750 +0.500000 -0.001201
+0.125000 +0.500000 -0.001137
+0.156250 +0.500000 -0.001060
+0.187500 +0.500000 -0.000971
+0.218750 +0.500000 -0.000871
+0.250000 +0.500000 -0.000762
+0.281250 +0.500000 -0.000645
+0.312500 +0.500000 -0.000521
+0.343750 +0.500000 -0.000393
+0.375000 +0.500000 -0.000261
+0.406250 +0.500000 -0.000126
+0.437500 +0.500000 +0.000008
+0.468750 +0.500000 +0.000143
+0.500000 +0.500000 +0.000274
+0.531250 +0.500000 +0.000403
+0.562500 +0.500000 +0.000527
+0.593750 +0.500000 +0.000646
+0.625000 +0.500000 +0.000757
+0.656250 +0.500000 +0.000861
+0.687500 +0.500000 +0.000956
+0.718750 +0.500000 +0.001042
+0.750000 +0.500000 +0.001117
+0.781250 +0.500000 +0.001181
+0.812500 +0.500000 +0.001233
+0.843750 +0.500000 +0.001274
+0.875000 +0.500000 +0.001302
+0.906250 +0.500000 +0.001318
+0.937500 +0.500000 +0.001322
+0.968750 +0.500000 +0.001313
+1.000000 +0.500000 +0.001291
+1.031250 +0.500000 +0.001258
+1.062500 +0.500000 +0.001212
+1.093750 +0.500000 +0.001155
+1.125000 +0.500000 +0.001089
+1.156250 +0.500000 +0.001009
+1.187500 +0.500000 +0.000923
+1.218750 +0.500000 +0.000824
+1.250000 +0.500000 +0.000722
+1.281250 +0.500000 +0.000609
+1.312500 +0.500000 +0.000494
+1.343750 +0.500000 +0.000368
+1.375000 +0.500000 +0.000244
+1.406250 +0.500000 +0.000113
+1.437500 +0.500000 -0.000015
+1.468750 +0.500000 -0.000147
+1.500000 +0.500000 -0.000275
+1.531250 +0.500000 -0.000404
+1.562500 +0.500000 -0.000525
+1.593750 +0.500000 -0.000646
+1.625000 +0.500000 -0.000757
+1.656250 +0.500000 -0.000865
+1.687500 +0.500000 -0.000961
+1.718750 +0.500000 -0.001051
+1.750000 +0.500000 -0.001127
+1.781250 +0.500000 -0.001195
+1.812500 +0.500000 -0.001248
+1.843750 +0.500000 -0.001289
+1.875000 +0.500000 -0.001314
+1.906250 +0.500000 -0.001324
+1.937500 +0.500000 -0.001317
+1.968750 +0.500000 -0.001293
+2.000000 +0.500000 -0.001280
+0.000000 +0.531250 -0.001282
+0.031250 +0.531250 -0.001270
+0.062500 +0.531250 -0.001239
+0.093750 +0.531250 -0.001191
+0.125000 +0.531250 -0.001129
+0.156250 +0.531250 -0.001052
+0.187500 +0.531250 -0.000964
+0.218750 +0.531250 -0.000865
+0.250000 +0.531250 -0.000756
+0.281250 +0.531250 -0.000640
+0.312500 +0.531250 -0.000518
+0.343750 +0.531250 -0.000390
+0.375000 +0.531250 -0.000260
+0.406250 +0.531250 -0.000127
+0.437500 +0.531250 +0.000007
+0.468750 +0.531250 +0.000140
+0.500000 +0.531250 +0.000270
+0.531250 +0.531250 +0.000398
+0.562500 +0.531250 +0.000521
+0.593750 +0.531250 +0.000638
+0.625000 +0.531250 +0.000749
+0.656250 +0.531250 +0.000852
+0.687500 +0.531250 +0.000946
+0.718750 +0.531250 +0.001031
+0.750000 +0.531250 +0.001106
+0.781250 +0.531250 +0.001170
+0.812500 +0.531250 +0.001222
+0.843750 +0.531250 +0.001262
+0.875000 +0.531250 +0.001291
+0.906250 +0.531250 +0.001307
+0.937500 +0.531250 +0.001310
+0.968750 +0.531250 +0.001302
+1.000000 +0.531250 +0.001281
+1.031250 +0.531250 +0.001248
+1.062500 +0.531250 +0.001202
+1.093750 +0.531250 +0.001148
+1.125000 +0.531250 +0.001078
+1.156250 +0.531250 +0.001003
+1.187500 +0.531250 +0.000914
+1.218750 +0.531250 +0.000820
+1.250000 +0.531250 +0.000714
+1.281250 +0.531250 +0.000606
+1.312500 +0.531250 +0.000487
+1.343750 +0.531250 +0.000367
+1.375000 +0.531250 +0.000240
+1.406250 +0.531250 +0.000114
+1.437500 +0.531250 -0.000017
+1.468750 +0.531250 -0.000145
+1.500000 +0.531250 -0.000275
+1.531250 +0.531250 -0.000399
+1.562500 +0.531250 -0.000523
+1.593750 +0.531250 -0.000640
+1.625000 +0.531250 -0.000753
+1.656250 +0.531250 -0.000857
+1.687500 +0.531250 -0.000955
+1.718750 +0.531250 -0.001042
+1.750000 +0.531250 -0.001120
+1.781250 +0.531250 -0.001185
+1.812500 +0.531250 -0.001239
+1.843750 +0.531250 -0.001278
+1.875000 +0.531250 -0.001304
+1.906250 +0.531250 -0.001313
+1.937500 +0.531250 -0.001307
+1.968750 +0.531250 -0.001282
+2.000000 +0.531250 -0.001270
+0.000000 +0.562500 -0.001253
+0.031250 +0.562500 -0.001241
+0.062500 +0.562500 -0.001211
+0.093750 +0.562500 -0.001164
+0.125000 +0.562500 -0.001103
+0.156250 +0.562500 -0.001028
+0.187500 +0.562500 -0.000942
+0.218750 +0.562500 -0.000844
+0.250000 +0.562500 -0.000738
+0.281250 +0.562500 -0.000625
+0.312500 +0.562500 -0.000505
+0.343750 +0.562500 -0.000380
+0.375000 +0.562500 -0.000252
+0.406250 +0.562500 -0.000121
+0.437500 +0.562500 +0.000009
+0.468750 +0.562500 +0.000139
+0.500000 +0.562500 +0.000267
+0.531250 +0.562500 +0.000392
+0.562500 +0.562500 +0.000512
+0.593750 +0.562500 +0.000627
+0.625000 +0.562500 +0.000735
+0.656250 +0.562500 +0.000835
+0.687500 +0.562500 +0.000927
+0.718750 +0.562500 +0.001010
+0.750000 +0.562500 +0.001082
+0.781250 +0.562500 +0.001144
+0.812500 +0.562500 +0.001195
+0.843750 +0.562500 +0.001235
+0.875000 +0.562500 +0.001262
+0.906250 +0.562500 +0.001278
+0.937500 +0.562500 +0.001281
+0.968750 +0.562500 +0.001272
+1.000000 +0.562500 +0.001252
+1.031250 +0.562500 +0.001219
+1.062500 +0.562500 +0.001177
+1.093750 +0.562500 +0.001119
+1.125000 +0.562500 +0.001056
+1.156250 +0.562500 +0.000978
+1.187500 +0.562500 +0.000895
+1.218750 +0.562500 +0.000799
+1.250000 +0.562500 +0.000700
+1.281250 +0.562500 +0.000590
+1.312500 +0.562500 +0.000477
+1.343750 +0.562500 +0.000357
+1.375000 +0.562500 +0.000236
+1.406250 +0.562500 +0.000109
+1.437500 +0.562500 -0.000015
+1.468750 +0.562500 -0.000143
+1.500000 +0.562500 -0.000267
+1.531250 +0.562500 -0.000391
+1.562500 +0.562500 -0.000510
+1.593750 +0.562500 -0.000626
+1.625000 +0.562500 -0.000735
+1.656250 +0.562500 -0.000838
+1.687500 +0.562500 -0.000933
+1.718750 +0.562500 -0.001019
+1.750000 +0.562500 -0.001094
+1.781250 +0.562500 -0.001158
+1.812500 +0.562500 -0.001210
+1.843750 +0.562500 -0.001249
+1.875000 +0.562500 -0.001274
+1.906250 +0.562500 -0.001283
+1.937500 +0.562500 -0.001277
+1.968750 +0.562500 -0.001253
+2.000000 +0.562500 -0.001241
+0.000000 +0.593750 -0.001205
+0.031250 +0.593750 -0.001193
+0.062500 +0.593750 -0.001165
+0.093750 +0.593750 -0.001120
+0.125000 +0.593750 -0.001061
+0.156250 +0.593750 -0.000989
+0.187500 +0.593750 -0.000906
+0.218750 +0.593750 -0.000813
+0.250000 +0.593750 -0.000711
+0.281250 +0.593750 -0.000602
+0.312500 +0.593750 -0.000487
+0.343750 +0.593750 -0.000367
+0.375000 +0.593750 -0.000244
+0.406250 +0.593750 -0.000119
+0.437500 +0.593750 +0.000006
+0.468750 +0.593750 +0.000131
+0.500000 +0.593750 +0.000254
+0.531250 +0.593750 +0.000374
+0.562500 +0.593750 +0.000490
+0.593750 +0.593750 +0.000600
+0.625000 +0.593750 +0.000704
+0.656250 +0.593750 +0.000801
+0.687500 +0.593750 +0.000890
+0.718750 +0.593750 +0.000969
+0.750000 +0.593750 +0.001039
+0.781250 +0.593750 +0.001099
+0.812500 +0.593750 +0.001148
+0.843750 +0.593750 +0.001186
+0.875000 +0.593750 +0.001213
+0.906250 +0.593750 +0.001228
+0.937500 +0.593750 +0.001231
+0.968750 +0.593750 +0.001223
+1.000000 +0.593750 +0.001203
+1.031250 +0.593750 +0.001174
+1.062500 +0.593750 +0.001129
+1.093750 +0.593750 +0.001078
+1.125000 +0.593750 +0.001013
+1.156250 +0.593750 +0.000942
+1.187500 +0.593750 +0.000858
+1.218750 +0.593750 +0.000770
+1.250000 +0.593750 +0.000671
+1.281250 +0.593750 +0.000568
+1.312500 +0.593750 +0.000457
+1.343750 +0.593750 +0.000343
+1.375000 +0.593750 +0.000225
+1.406250 +0.593750 +0.000106
+1.437500 +0.593750 -0.000016
+1.468750 +0.593750 -0.000137
+1.500000 +0.593750 -0.000258
+1.531250 +0.593750 -0.000376
+1.562500 +0.593750 -0.000492
+1.593750 +0.593750 -0.000602
+1.625000 +0.593750 -0.000708
+1.656250 +0.593750 -0.000806
+1.687500 +0.593750 -0.000897
+1.718750 +0.593750 -0.000979
+1.750000 +0.593750 -0.001052
+1.781250 +0.593750 -0.001113
+1.812500 +0.593750 -0.001164
+1.843750 +0.593750 -0.001201
+1.875000 +0.593750 -0.001225
+1.906250 +0.593750 -0.001234
+1.937500 +0.593750 -0.001228
+1.968750 +0.593750 -0.001205
+2.000000 +0.593750 -0.001193
+0.000000 +0.625000 -0.001140
+0.031250 +0.625000 -0.001128
+0.062500 +0.625000 -0.001101
+0.093750 +0.625000 -0.001058
+0.125000 +0.625000 -0.001002
+0.156250 +0.625000 -0.000934
+0.187500 +0.625000 -0.000855
+0.218750 +0.625000 -0.000766
+0.250000 +0.625000 -0.000670
+0.281250 +0.625000 -0.000566
+0.312500 +0.625000 -0.000457
+0.343750 +0.625000 -0.000344
+0.375000 +0.625000 -0.000227
+0.406250 +0.625000 -0.000109
+0.437500 +0.625000 +0.000010
+0.468750 +0.625000 +0.000128
+0.500000 +0.625000 +0.000244
+0.531250 +0.625000 +0.000357
+0.562500 +0.625000 +0.000466
+0.593750 +0.625000 +0.000570
+0.625000 +0.625000 +0.000668
+0.656250 +0.625000 +0.000759
+0.687500 +0.625000 +0.000843
+0.718750 +0.625000 +0.000918
+0.750000 +0.625000 +0.000984
+0.781250 +0.625000 +0.001040
+0.812500 +0.625000 +0.001086
+0.843750 +0.625000 +0.001122
+0.875000 +0.625000 +0.001147
+0.906250 +0.625000 +0.001161
+0.937500 +0.625000 +0.001164
+0.968750 +0.625000 +0.001156
+1.000000 +0.625000 +0.001139
+1.031250 +0.625000 +0.001107
+1.062500 +0.625000 +0.001069
+1.093750 +0.625000 +0.001017
+1.125000 +0.625000 +0.000958
+1.156250 +0.625000 +0.000888
+1.187500 +0.625000 +0.000812
+1.218750 +0.625000 +0.000726
+1.250000 +0.625000 +0.000635
+1.281250 +0.625000 +0.000536
+1.312500 +0.625000 +0.000432
+1.343750 +0.625000 +0.000323
+1.375000 +0.625000 +0.000213
+1.406250 +0.625000 +0.000098
+1.437500 +0.625000 -0.000015
+1.468750 +0.625000 -0.000131
+1.500000 +0.625000 -0.000244
+1.531250 +0.625000 -0.000356
+1.562500 +0.625000 -0.000465
+1.593750 +0.625000 -0.000570
+1.625000 +0.625000 -0.000669
+1.656250 +0.625000 -0.000763
+1.687500 +0.625000 -0.000848
+1.718750 +0.625000 -0.000926
+1.750000 +0.625000 -0.000994
+1.781250 +0.625000 -0.001053
+1.812500 +0.625000 -0.001100
+1.843750 +0.625000 -0.001136
+1.875000 +0.625000 -0.001158
+1.906250 +0.625000 -0.001167
+1.937500 +0.625000 -0.001161
+1.968750 +0.625000 -0.001140
+2.000000 +0.625000 -0.001128
+0.000000 +0.656250 -0.001057
+0.031250 +0.656250 -0.001048
+0.062500 +0.656250 -0.001023
+0.093750 +0.656250 -0.000984
+0.125000 +0.656250 -0.000932
+0.156250 +0.656250 -0.000869
+0.187500 +0.656250 -0.000796
+0.218750 +0.656250 -0.000714
+0.250000 +0.656250 -0.000625
+0.281250 +0.656250 -0.000529
+0.312500 +0.656250 -0.000427
+0.343750 +0.656250 -0.000322
+0.375000 +0.656250 -0.000214
+0.406250 +0.656250 -0.000104
+0.437500 +0.656250 +0.000006
+0.468750 +0.656250 +0.000116
+0.500000 +0.656250 +0.000224
+0.531250 +0.656250 +0.000329
+0.562500 +0.656250 +0.000431
+0.593750 +0.656250 +0.000528
+0.625000 +0.656250 +0.000619
+0.656250 +0.656250 +0.000704
+0.687500 +0.656250 +0.000781
+0.718750 +0.656250 +0.000851
+0.750000 +0.656250 +0.000912
+0.781250 +0.656250 +0.000965
+0.812500 +0.656250 +0.001007
+0.843750 +0.656250 +0.001041
+0.875000 +0.656250 +0.001064
+0.906250 +0.656250 +0.001077
+0.937500 +0.656250 +0.001080
+0.968750 +0.656250 +0.001074
+1.000000 +0.656250 +0.001055
+1.031250 +0.656250 +0.001028
+1.062500 +0.656250 +0.000990
+1.093750 +0.656250 +0.000944
+1.125000 +0.656250 +0.000888
+1.156250 +0.656250 +0.000825
+1.187500 +0.656250 +0.000752
+1.218750 +0.656250 +0.000674
+1.250000 +0.656250 +0.000588
+1.281250 +0.656250 +0.000497
+1.312500 +0.656250 +0.000400
+1.343750 +0.656250 +0.000299
+1.375000 +0.656250 +0.000196
+1.406250 +0.656250 +0.000091
+1.437500 +0.656250 -0.000015
+1.468750 +0.656250 -0.000122
+1.500000 +0.656250 -0.000227
+1.531250 +0.656250 -0.000331
+1.562500 +0.656250 -0.000432
+1.593750 +0.656250 -0.000529
+1.625000 +0.656250 -0.000622
+1.656250 +0.656250 -0.000707
+1.687500 +0.656250 -0.000787
+1.718750 +0.656250 -0.000859
+1.750000 +0.656250 -0.000923
+1.781250 +0.656250 -0.000977
+1.812500 +0.656250 -0.001022
+1.843750 +0.656250 -0.001054
+1.875000 +0.656250 -0.001076
+1.906250 +0.656250 -0.001083
+1.937500 +0.656250 -0.001079
+1.968750 +0.656250 -0.001057
+2.000000 +0.656250 -0.001048
+0.000000 +0.687500 -0.000964
+0.031250 +0.687500 -0.000951
+0.062500 +0.687500 -0.000928
+0.093750 +0.687500 -0.000892
+0.125000 +0.687500 -0.000844
+0.156250 +0.687500 -0.000787
+0.187500 +0.687500 -0.000720
+0.218750 +0.687500 -0.000645
+0.250000 +0.687500 -0.000564
+0.281250 +0.687500 -0.000476
+0.312500 +0.687500 -0.000384
+0.343750 +0.687500 -0.000289
+0.375000 +0.687500 -0.000191
+0.406250 +0.687500 -0.000091
+0.437500 +0.687500 +0.000009
+0.468750 +0.687500 +0.000108
+0.500000 +0.687500 +0.000206
+0.531250 +0.687500 +0.000302
+0.562500 +0.687500 +0.000394
+0.593750 +0.687500 +0.000481
+0.625000 +0.687500 +0.000564
+0.656250 +0.687500 +0.000641
+0.687500 +0.687500 +0.000711
+0.718750 +0.687500 +0.000774
+0.750000 +0.687500 +0.000830
+0.781250 +0.687500 +0.000877
+0.812500 +0.687500 +0.000916
+0.843750 +0.687500 +0.000946
+0.875000 +0.687500 +0.000967
+0.906250 +0.687500 +0.000979
+0.937500 +0.687500 +0.000982
+0.968750 +0.687500 +0.000975
+1.000000 +0.687500 +0.000959
+1.031250 +0.687500 +0.000933
+1.062500 +0.687500 +0.000900
+1.093750 +0.687500 +0.000857
+1.125000 +0.687500 +0.000807
+1.156250 +0.687500 +0.000748
+1.187500 +0.687500 +0.000683
+1.218750 +0.687500 +0.000611
+1.250000 +0.687500 +0.000534
+1.281250 +0.687500 +0.000451
+1.312500 +0.687500 +0.000363
+1.343750 +0.687500 +0.000271
+1.375000 +0.687500 +0.000178
+1.406250 +0.687500 +0.000082
+1.437500 +0.687500 -0.000015
+1.468750 +0.687500 -0.000112
+1.500000 +0.687500 -0.000207
+1.531250 +0.687500 -0.000302
+1.562500 +0.687500 -0.000393
+1.593750 +0.687500 -0.000482
+1.625000 +0.687500 -0.000564
+1.656250 +0.687500 -0.000643
+1.687500 +0.687500 -0.000715
+1.718750 +0.687500 -0.000782
+1.750000 +0.687500 -0.000839
+1.781250 +0.687500 -0.000890
+1.812500 +0.687500 -0.000928
+1.843750 +0.687500 -0.000960
+1.875000 +0.687500 -0.000977
+1.906250 +0.687500 -0.000987
+1.937500 +0.687500 -0.000979
+1.968750 +0.687500 -0.000964
+2.000000 +0.687500 -0.000951
+0.000000 +0.718750 -0.000852
+0.031250 +0.718750 -0.000848
+0.062500 +0.718750 -0.000828
+0.093750 +0.718750 -0.000796
+0.125000 +0.718750 -0.000754
+0.156250 +0.718750 -0.000703
+0.187500 +0.718750 -0.000643
+0.218750 +0.718750 -0.000577
+0.250000 +0.718750 -0.000504
+0.281250 +0.718750 -0.000426
+0.312500 +0.718750 -0.000344
+0.343750 +0.718750 -0.000259
+0.375000 +0.718750 -0.000171
+0.406250 +0.718750 -0.000082
+0.437500 +0.718750 +0.000007
+0.468750 +0.718750 +0.000095
+0.500000 +0.718750 +0.000182
+0.531250 +0.718750 +0.000267
+0.562500 +0.718750 +0.000349
+0.593750 +0.718750 +0.000427
+0.625000 +0.718750 +0.000501
+0.656250 +0.718750 +0.000569
+0.687500 +0.718750 +0.000631
+0.718750 +0.718750 +0.000687
+0.750000 +0.718750 +0.000737
+0.781250 +0.718750 +0.000779
+0.812500 +0.718750 +0.000813
+0.843750 +0.718750 +0.000840
+0.875000 +0.718750 +0.000858
+0.906250 +0.718750 +0.000870
+0.937500 +0.718750 +0.000871
+0.968750 +0.718750 +0.000865
+1.000000 +0.718750 +0.000850
+1.031250 +0.718750 +0.000829
+1.062500 +0.718750 +0.000798
+1.093750 +0.718750 +0.000761
+1.125000 +0.718750 +0.000715
+1.156250 +0.718750 +0.000664
+1.187500 +0.718750 +0.000606
+1.218750 +0.718750 +0.000542
+1.250000 +0.718750 +0.000473
+1.281250 +0.718750 +0.000400
+1.312500 +0.718750 +0.000321
+1.343750 +0.718750 +0.000240
+1.375000 +0.718750 +0.000157
+1.406250 +0.718750 +0.000072
+1.437500 +0.718750 -0.000014
+1.468750 +0.718750 -0.000100
+1.500000 +0.718750 -0.000185
+1.531250 +0.718750 -0.000269
+1.562500 +0.718750 -0.000350
+1.593750 +0.718750 -0.000426
+1.625000 +0.718750 -0.000502
+1.656250 +0.718750 -0.000570
+1.687500 +0.718750 -0.000637
+1.718750 +0.718750 -0.000693
+1.750000 +0.718750 -0.000747
+1.781250 +0.718750 -0.000788
+1.812500 +0.718750 -0.000827
+1.843750 +0.718750 -0.000850
+1.875000 +0.718750 -0.000870
+1.906250 +0.718750 -0.000873
+1.937500 +0.718750 -0.000873
+1.968750 +0.718750 -0.000852
+2.000000 +0.718750 -0.000848
+0.000000 +0.750000 -0.000740
+0.031250 +0.750000 -0.000728
+0.062500 +0.750000 -0.000710
+0.093750 +0.750000 -0.000683
+0.125000 +0.750000 -0.000646
+0.156250 +0.750000 -0.000602
+0.187500 +0.750000 -0.000551
+0.218750 +0.750000 -0.000494
+0.250000 +0.750000 -0.000432
+0.281250 +0.750000 -0.000364
+0.312500 +0.750000 -0.000294
+0.343750 +0.750000 -0.000221
+0.375000 +0.750000 -0.000145
+0.406250 +0.750000 -0.000069
+0.437500 +0.750000 +0.000008
+0.468750 +0.750000 +0.000084
+0.500000 +0.750000 +0.000159
+0.531250 +0.750000 +0.000232
+0.562500 +0.750000 +0.000302
+0.593750 +0.750000 +0.000370
+0.625000 +0.750000 +0.000433
+0.656250 +0.750000 +0.000492
+0.687500 +0.750000 +0.000545
+0.718750 +0.750000 +0.000593
+0.750000 +0.750000 +0.000636
+0.781250 +0.750000 +0.000672
+0.812500 +0.750000 +0.000702
+0.843750 +0.750000 +0.000724
+0.875000 +0.750000 +0.000741
+0.906250 +0.750000 +0.000750
+0.937500 +0.750000 +0.000752
+0.968750 +0.750000 +0.000746
+1.000000 +0.750000 +0.000734
+1.031250 +0.750000 +0.000715
+1.062500 +0.750000 +0.000688
+1.093750 +0.750000 +0.000656
+1.125000 +0.750000 +0.000617
+1.156250 +0.750000 +0.000572
+1.187500 +0.750000 +0.000522
+1.218750 +0.750000 +0.000467
+1.250000 +0.750000 +0.000408
+1.281250 +0.750000 +0.000344
+1.312500 +0.750000 +0.000276
+1.343750 +0.750000 +0.000206
+1.375000 +0.750000 +0.000134
+1.406250 +0.750000 +0.000061
+1.437500 +0.750000 -0.000013
+1.468750 +0.750000 -0.000087
+1.500000 +0.750000 -0.000160
+1.531250 +0.750000 -0.000232
+1.562500 +0.750000 -0.000299
+1.593750 +0.750000 -0.000370
+1.625000 +0.750000 -0.000431
+1.656250 +0.750000 -0.000496
+1.687500 +0.750000 -0.000547
+1.718750 +0.750000 -0.000602
+1.750000 +0.750000 -0.000642
+1.781250 +0.750000 -0.000685
+1.812500 +0.750000 -0.000710
+1.843750 +0.750000 -0.000738
+1.875000 +0.750000 -0.000747
+1.906250 +0.750000 -0.000759
+1.937500 +0.750000 -0.000749
+1.968750 +0.750000 -0.000740
+2.000000 +0.750000 -0.000728
+0.000000 +0.781250 -0.000613
+0.031250 +0.781250 -0.000612
+0.062500 +0.781250 -0.000597
+0.093750 +0.781250 -0.000574
+0.125000 +0.781250 -0.000543
+0.156250 +0.781250 -0.000506
+0.187500 +0.781250 -0.000463
+0.218750 +0.781250 -0.000415
+0.250000 +0.781250 -0.000362
+0.281250 +0.781250 -0.000306
+0.312500 +0.781250 -0.000247
+0.343750 +0.781250 -0.000185
+0.375000 +0.781250 -0.000122
+0.406250 +0.781250 -0.000058
+0.437500 +0.781250 +0.000006
+0.468750 +0.781250 +0.000070
+0.500000 +0.781250 +0.000133
+0.531250 +0.781250 +0.000194
+0.562500 +0.781250 +0.000253
+0.593750 +0.781250 +0.000309
+0.625000 +0.781250 +0.000361
+0.656250 +0.781250 +0.000410
+0.687500 +0.781250 +0.000455
+0.718750 +0.781250 +0.000495
+0.750000 +0.781250 +0.000530
+0.781250 +0.781250 +0.000560
+0.812500 +0.781250 +0.000585
+0.843750 +0.781250 +0.000605
+0.875000 +0.781250 +0.000618
+0.906250 +0.781250 +0.000625
+0.937500 +0.781250 +0.000627
+0.968750 +0.781250 +0.000622
+1.000000 +0.781250 +0.000612
+1.031250 +0.781250 +0.000595
+1.062500 +0.781250 +0.000574
+1.093750 +0.781250 +0.000546
+1.125000 +0.781250 +0.000514
+1.156250 +0.781250 +0.000477
+1.187500 +0.781250 +0.000435
+1.218750 +0.781250 +0.000389
+1.250000 +0.781250 +0.000340
+1.281250 +0.781250 +0.000287
+1.312500 +0.781250 +0.000229
+1.343750 +0.781250 +0.000171
+1.375000 +0.781250 +0.000111
+1.406250 +0.781250 +0.000050
+1.437500 +0.781250 -0.000011
+1.468750 +0.781250 -0.000073
+1.500000 +0.781250 -0.000134
+1.531250 +0.781250 -0.000190
+1.562500 +0.781250 -0.000254
+1.593750 +0.781250 -0.000306
+1.625000 +0.781250 -0.000364
+1.656250 +0.781250 -0.000410
+1.687500 +0.781250 -0.000461
+1.718750 +0.781250 -0.000498
+1.750000 +0.781250 -0.000540
+1.781250 +0.781250 -0.000567
+1.812500 +0.781250 -0.000597
+1.843750 +0.781250 -0.000611
+1.875000 +0.781250 -0.000629
+1.906250 +0.781250 -0.000628
+1.937500 +0.781250 -0.000630
+1.968750 +0.781250 -0.000613
+2.000000 +0.781250 -0.000612
+0.000000 +0.812500 -0.000494
+0.031250 +0.812500 -0.000485
+0.062500 +0.812500 -0.000473
+0.093750 +0.812500 -0.000455
+0.125000 +0.812500 -0.000431
+0.156250 +0.812500 -0.000402
+0.187500 +0.812500 -0.000367
+0.218750 +0.812500 -0.000329
+0.250000 +0.812500 -0.000287
+0.281250 +0.812500 -0.000243
+0.312500 +0.812500 -0.000195
+0.343750 +0.812500 -0.000147
+0.375000 +0.812500 -0.000096
+0.406250 +0.812500 -0.000045
+0.437500 +0.812500 +0.000006
+0.468750 +0.812500 +0.000057
+0.500000 +0.812500 +0.000107
+0.531250 +0.812500 +0.000155
+0.562500 +0.812500 +0.000202
+0.593750 +0.812500 +0.000247
+0.625000 +0.812500 +0.000289
+0.656250 +0.812500 +0.000328
+0.687500 +0.812500 +0.000363
+0.718750 +0.812500 +0.000395
+0.750000 +0.812500 +0.000423
+0.781250 +0.812500 +0.000447
+0.812500 +0.812500 +0.000467
+0.843750 +0.812500 +0.000483
+0.875000 +0.812500 +0.000493
+0.906250 +0.812500 +0.000499
+0.937500 +0.812500 +0.000500
+0.968750 +0.812500 +0.000497
+1.000000 +0.812500 +0.000488
+1.031250 +0.812500 +0.000475
+1.062500 +0.812500 +0.000457
+1.093750 +0.812500 +0.000436
+1.125000 +0.812500 +0.000410
+1.156250 +0.812500 +0.000380
+1.187500 +0.812500 +0.000347
+1.218750 +0.812500 +0.000310
+1.250000 +0.812500 +0.000271
+1.281250 +0.812500 +0.000228
+1.312500 +0.812500 +0.000182
+1.343750 +0.812500 +0.000136
+1.375000 +0.812500 +0.000088
+1.406250 +0.812500 +0.000040
+1.437500 +0.812500 -0.000010
+1.468750 +0.812500 -0.000059
+1.500000 +0.812500 -0.000103
+1.531250 +0.812500 -0.000157
+1.562500 +0.812500 -0.000198
+1.593750 +0.812500 -0.000249
+1.625000 +0.812500 -0.000286
+1.656250 +0.812500 -0.000333
+1.687500 +0.812500 -0.000363
+1.718750 +0.812500 -0.000403
+1.750000 +0.812500 -0.000427
+1.781250 +0.812500 -0.000458
+1.812500 +0.812500 -0.000472
+1.843750 +0.812500 -0.000494
+1.875000 +0.812500 -0.000498
+1.906250 +0.812500 -0.000507
+1.937500 +0.812500 -0.000499
+1.968750 +0.812500 -0.000494
+2.000000 +0.812500 -0.000485
+0.000000 +0.843750 -0.000370
+0.031250 +0.843750 -0.000369
+0.062500 +0.843750 -0.000360
+0.093750 +0.843750 -0.000346
+0.125000 +0.843750 -0.000327
+0.156250 +0.843750 -0.000305
+0.187500 +0.843750 -0.000279
+0.218750 +0.843750 -0.000249
+0.250000 +0.843750 -0.000217
+0.281250 +0.843750 -0.000183
+0.312500 +0.843750 -0.000148
+0.343750 +0.843750 -0.000110
+0.375000 +0.843750 -0.000072
+0.406250 +0.843750 -0.000034
+0.437500 +0.843750 +0.000005
+0.468750 +0.843750 +0.000043
+0.500000 +0.843750 +0.000081
+0.531250 +0.843750 +0.000117
+0.562500 +0.843750 +0.000153
+0.593750 +0.843750 +0.000186
+0.625000 +0.843750 +0.000218
+0.656250 +0.843750 +0.000247
+0.687500 +0.843750 +0.000274
+0.718750 +0.843750 +0.000298
+0.750000 +0.843750 +0.000319
+0.781250 +0.843750 +0.000337
+0.812500 +0.843750 +0.000352
+0.843750 +0.843750 +0.000364
+0.875000 +0.843750 +0.000371
+0.906250 +0.843750 +0.000376
+0.937500 +0.843750 +0.000377
+0.968750 +0.843750 +0.000374
+1.000000 +0.843750 +0.000367
+1.031250 +0.843750 +0.000358
+1.062500 +0.843750 +0.000344
+1.093750 +0.843750 +0.000328
+1.125000 +0.843750 +0.000308
+1.156250 +0.843750 +0.000286
+1.187500 +0.843750 +0.000261
+1.218750 +0.843750 +0.000233
+1.250000 +0.843750 +0.000203
+1.281250 +0.843750 +0.000172
+1.312500 +0.843750 +0.000136
+1.343750 +0.843750 +0.000102
+1.375000 +0.843750 +0.000065
+1.406250 +0.843750 +0.000029
+1.437500 +0.843750 -0.000008
+1.468750 +0.843750 -0.000039
+1.500000 +0.843750 -0.000084
+1.531250 +0.843750 -0.000113
+1.562500 +0.843750 -0.000155
+1.593750 +0.843750 -0.000183
+1.625000 +0.843750 -0.000221
+1.656250 +0.843750 -0.000245
+1.687500 +0.843750 -0.000279
+1.718750 +0.843750 -0.000299
+1.750000 +0.843750 -0.000326
+1.781250 +0.843750 -0.000341
+1.812500 +0.843750 -0.000361
+1.843750 +0.843750 -0.000368
+1.875000 +0.843750 -0.000379
+1.906250 +0.843750 -0.000378
+1.937500 +0.843750 -0.000380
+1.968750 +0.843750 -0.000370
+2.000000 +0.843750 -0.000369
+0.000000 +0.875000 -0.000259
+0.031250 +0.875000 -0.000253
+0.062500 +0.875000 -0.000248
+0.093750 +0.875000 -0.000238
+0.125000 +0.875000 -0.000226
+0.156250 +0.875000 -0.000210
+0.187500 +0.875000 -0.000192
+0.218750 +0.875000 -0.000172
+0.250000 +0.875000 -0.000150
+0.281250 +0.875000 -0.000127
+0.312500 +0.875000 -0.000102
+0.343750 +0.875000 -0.000076
+0.375000 +0.875000 -0.000050
+0.406250 +0.875000 -0.000023
+0.437500 +0.875000 +0.000003
+0.468750 +0.875000 +0.000030
+0.500000 +0.875000 +0.000056
+0.531250 +0.875000 +0.000082
+0.562500 +0.875000 +0.000106
+0.593750 +0.875000 +0.000129
+0.625000 +0.875000 +0.000151
+0.656250 +0.875000 +0.000172
+0.687500 +0.875000 +0.000190
+0.718750 +0.875000 +0.000207
+0.750000 +0.875000 +0.000221
+0.781250 +0.875000 +0.000234
+0.812500 +0.875000 +0.000244
+0.843750 +0.875000 +0.000252
+0.875000 +0.875000 +0.000257
+0.906250 +0.875000 +0.000260
+0.937500 +0.875000 +0.000261
+0.968750 +0.875000 +0.000259
+1.000000 +0.875000 +0.000255
+1.031250 +0.875000 +0.000248
+1.062500 +0.875000 +0.000238
+1.093750 +0.875000 +0.000227
+1.125000 +0.875000 +0.000214
+1.156250 +0.875000 +0.000198
+1.187500 +0.875000 +0.000181
+1.218750 +0.875000 +0.000162
+1.250000 +0.875000 +0.000141
+1.281250 +0.875000 +0.000119
+1.312500 +0.875000 +0.000093
+1.343750 +0.875000 +0.000071
+1.375000 +0.875000 +0.000044
+1.406250 +0.875000 +0.000020
+1.437500 +0.875000 -0.000001
+1.468750 +0.875000 -0.000033
+1.500000 +0.875000 -0.000053
+1.531250 +0.875000 -0.000084
+1.562500 +0.875000 -0.000103
+1.593750 +0.875000 -0.000132
+1.625000 +0.875000 -0.000149
+1.656250 +0.875000 -0.000175
+1.687500 +0.875000 -0.000189
+1.718750 +0.875000 -0.000212
+1.750000 +0.875000 -0.000222
+1.781250 +0.875000 -0.000240
+1.812500 +0.875000 -0.000247
+1.843750 +0.875000 -0.000259
+1.875000 +0.875000 -0.000260
+1.906250 +0.875000 -0.000266
+1.937500 +0.875000 -0.000261
+1.968750 +0.875000 -0.000259
+2.000000 +0.875000 -0.000253
+0.000000 +0.906250 -0.000157
+0.031250 +0.906250 -0.000156
+0.062500 +0.906250 -0.000153
+0.093750 +0.906250 -0.000146
+0.125000 +0.906250 -0.000139
+0.156250 +0.906250 -0.000129
+0.187500 +0.906250 -0.000118
+0.218750 +0.906250 -0.000105
+0.250000 +0.906250 -0.000092
+0.281250 +0.906250 -0.000077
+0.312500 +0.906250 -0.000062
+0.343750 +0.906250 -0.000046
+0.375000 +0.906250 -0.000030
+0.406250 +0.906250 -0.000014
+0.437500 +0.906250 +0.000002
+0.468750 +0.906250 +0.000019
+0.500000 +0.906250 +0.000035
+0.531250 +0.906250 +0.000050
+0.562500 +0.906250 +0.000065
+0.593750 +0.906250 +0.000079
+0.625000 +0.906250 +0.000092
+0.656250 +0.906250 +0.000105
+0.687500 +0.906250 +0.000116
+0.718750 +0.906250 +0.000126
+0.750000 +0.906250 +0.000135
+0.781250 +0.906250 +0.000143
+0.812500 +0.906250 +0.000149
+0.843750 +0.906250 +0.000154
+0.875000 +0.906250 +0.000157
+0.906250 +0.906250 +0.000159
+0.937500 +0.906250 +0.000159
+0.968750 +0.906250 +0.000158
+1.000000 +0.906250 +0.000155
+1.031250 +0.906250 +0.000151
+1.062500 +0.906250 +0.000145
+1.093750 +0.906250 +0.000138
+1.125000 +0.906250 +0.000130
+1.156250 +0.906250 +0.000121
+1.187500 +0.906250 +0.000110
+1.218750 +0.906250 +0.000098
+1.250000 +0.906250 +0.000086
+1.281250 +0.906250 +0.000072
+1.312500 +0.906250 +0.000055
+1.343750 +0.906250 +0.000043
+1.375000 +0.906250 +0.000026
+1.406250 +0.906250 +0.000017
+1.437500 +0.906250 -0.000007
+1.468750 +0.906250 -0.000015
+1.500000 +0.906250 -0.000038
+1.531250 +0.906250 -0.000046
+1.562500 +0.906250 -0.000067
+1.593750 +0.906250 -0.000076
+1.625000 +0.906250 -0.000095
+1.656250 +0.906250 -0.000103
+1.687500 +0.906250 -0.000119
+1.718750 +0.906250 -0.000126
+1.750000 +0.906250 -0.000139
+1.781250 +0.906250 -0.000144
+1.812500 +0.906250 -0.000153
+1.843750 +0.906250 -0.000156
+1.875000 +0.906250 -0.000161
+1.906250 +0.906250 -0.000160
+1.937500 +0.906250 -0.000161
+1.968750 +0.906250 -0.000157
+2.000000 +0.906250 -0.000156
+0.000000 +0.937500 -0.000077
+0.031250 +0.937500 -0.000075
+0.062500 +0.937500 -0.000073
+0.093750 +0.937500 -0.000071
+0.125000 +0.937500 -0.000067
+0.156250 +0.937500 -0.000063
+0.187500 +0.937500 -0.000057
+0.218750 +0.937500 -0.000051
+0.250000 +0.937500 -0.000045
+0.281250 +0.937500 -0.000038
+0.312500 +0.937500 -0.000030
+0.343750 +0.937500 -0.000023
+0.375000 +0.937500 -0.000015
+0.406250 +0.937500 -0.000007
+0.437500 +0.937500 +0.000001
+0.468750 +0.937500 +0.000009
+0.500000 +0.937500 +0.000017
+0.531250 +0.937500 +0.000024
+0.562500 +0.937500 +0.000031
+0.593750 +0.937500 +0.000038
+0.625000 +0.937500 +0.000045
+0.656250 +0.937500 +0.000051
+0.687500 +0.937500 +0.000056
+0.718750 +0.937500 +0.000061
+0.750000 +0.937500 +0.000065
+0.781250 +0.937500 +0.000069
+0.812500 +0.937500 +0.000072
+0.843750 +0.937500 +0.000074
+0.875000 +0.937500 +0.000076
+0.906250 +0.937500 +0.000077
+0.937500 +0.937500 +0.000077
+0.968750 +0.937500 +0.000076
+1.000000 +0.937500 +0.000075
+1.031250 +0.937500 +0.000073
+1.062500 +0.937500 +0.000070
+1.093750 +0.937500 +0.000067
+1.125000 +0.937500 +0.000063
+1.156250 +0.937500 +0.000058
+1.187500 +0.937500 +0.000053
+1.218750 +0.937500 +0.000048
+1.250000 +0.937500 +0.000042
+1.281250 +0.937500 +0.000035
+1.312500 +0.937500 +0.000025
+1.343750 +0.937500 +0.000021
+1.375000 +0.937500 +0.000016
+1.406250 +0.937500 +0.000004
+1.437500 +0.937500 +0.000000
+1.468750 +0.937500 -0.000011
+1.500000 +0.937500 -0.000015
+1.531250 +0.937500 -0.000026
+1.562500 +0.937500 -0.000030
+1.593750 +0.937500 -0.000040
+1.625000 +0.937500 -0.000043
+1.656250 +0.937500 -0.000052
+1.687500 +0.937500 -0.000055
+1.718750 +0.937500 -0.000063
+1.750000 +0.937500 -0.000065
+1.781250 +0.937500 -0.000071
+1.812500 +0.937500 -0.000072
+1.843750 +0.937500 -0.000077
+1.875000 +0.937500 -0.000077
+1.906250 +0.937500 -0.000079
+1.937500 +0.937500 -0.000077
+1.968750 +0.937500 -0.000077
+2.000000 +0.937500 -0.000075
+0.000000 +0.968750 -0.000021
+0.031250 +0.968750 -0.000021
+0.062500 +0.968750 -0.000020
+0.093750 +0.968750 -0.000019
+0.125000 +0.968750 -0.000018
+0.156250 +0.968750 -0.000017
+0.187500 +0.968750 -0.000016
+0.218750 +0.968750 -0.000014
+0.250000 +0.968750 -0.000012
+0.281250 +0.968750 -0.000010
+0.312500 +0.968750 -0.000008
+0.343750 +0.968750 -0.000006
+0.375000 +0.968750 -0.000004
+0.406250 +0.968750 -0.000002
+0.437500 +0.968750 +0.000000
+0.468750 +0.968750 +0.000003
+0.500000 +0.968750 +0.000005
+0.531250 +0.968750 +0.000007
+0.562500 +0.968750 +0.000009
+0.593750 +0.968750 +0.000011
+0.625000 +0.968750 +0.000012
+0.656250 +0.968750 +0.000014
+0.687500 +0.968750 +0.000016
+0.718750 +0.968750 +0.000017
+0.750000 +0.968750 +0.000018
+0.781250 +0.968750 +0.000019
+0.812500 +0.968750 +0.000020
+0.843750 +0.968750 +0.000021
+0.875000 +0.968750 +0.000021
+0.906250 +0.968750 +0.000021
+0.937500 +0.968750 +0.000021
+0.968750 +0.968750 +0.000021
+1.000000 +0.968750 +0.000021
+1.031250 +0.968750 +0.000020
+1.062500 +0.968750 +0.000019
+1.093750 +0.968750 +0.000018
+1.125000 +0.968750 +0.000017
+1.156250 +0.968750 +0.000016
+1.187500 +0.968750 +0.000015
+1.218750 +0.968750 +0.000013
+1.250000 +0.968750 +0.000012
+1.281250 +0.968750 +0.000010
+1.312500 +0.968750 +0.000005
+1.343750 +0.968750 +0.000010
+1.375000 +0.968750 +0.000000
+1.406250 +0.968750 +0.000005
+1.437500 +0.968750 -0.000003
+1.468750 +0.968750 +0.000000
+1.500000 +0.968750 -0.000007
+1.531250 +0.968750 -0.000004
+1.562500 +0.968750 -0.000011
+1.593750 +0.968750 -0.000009
+1.625000 +0.968750 -0.000014
+1.656250 +0.968750 -0.000013
+1.687500 +0.968750 -0.000017
+1.718750 +0.968750 -0.000016
+1.750000 +0.968750 -0.000019
+1.781250 +0.968750 -0.000019
+1.812500 +0.968750 -0.000021
+1.843750 +0.968750 -0.000021
+1.875000 +0.968750 -0.000022
+1.906250 +0.968750 -0.000022
+1.937500 +0.968750 -0.000021
+1.968750 +0.968750 -0.000021
+2.000000 +0.968750 -0.000021
+0.000000 +1.000000 +0.000000
+0.031250 +1.000000 +0.000000
+0.062500 +1.000000 +0.000000
+0.093750 +1.000000 +0.000000
+0.125000 +1.000000 +0.000000
+0.156250 +1.000000 +0.000000
+0.187500 +1.000000 +0.000000
+0.218750 +1.000000 +0.000000
+0.250000 +1.000000 +0.000000
+0.281250 +1.000000 +0.000000
+0.312500 +1.000000 +0.000000
+0.343750 +1.000000 +0.000000
+0.375000 +1.000000 +0.000000
+0.406250 +1.000000 +0.000000
+0.437500 +1.000000 +0.000000
+0.468750 +1.000000 +0.000000
+0.500000 +1.000000 +0.000000
+0.531250 +1.000000 +0.000000
+0.562500 +1.000000 +0.000000
+0.593750 +1.000000 +0.000000
+0.625000 +1.000000 +0.000000
+0.656250 +1.000000 +0.000000
+0.687500 +1.000000 +0.000000
+0.718750 +1.000000 +0.000000
+0.750000 +1.000000 +0.000000
+0.781250 +1.000000 +0.000000
+0.812500 +1.000000 +0.000000
+0.843750 +1.000000 +0.000000
+0.875000 +1.000000 +0.000000
+0.906250 +1.000000 +0.000000
+0.937500 +1.000000 +0.000000
+0.968750 +1.000000 +0.000000
+1.000000 +1.000000 +0.000000
+1.031250 +1.000000 +0.000000
+1.062500 +1.000000 +0.000000
+1.093750 +1.000000 +0.000000
+1.125000 +1.000000 +0.000000
+1.156250 +1.000000 +0.000000
+1.187500 +1.000000 +0.000000
+1.218750 +1.000000 +0.000000
+1.250000 +1.000000 +0.000000
+1.281250 +1.000000 +0.000000
+1.312500 +1.000000 +0.000000
+1.343750 +1.000000 +0.000000
+1.375000 +1.000000 +0.000000
+1.406250 +1.000000 +0.000000
+1.437500 +1.000000 +0.000000
+1.468750 +1.000000 +0.000000
+1.500000 +1.000000 +0.000000
+1.531250 +1.000000 +0.000000
+1.562500 +1.000000 +0.000000
+1.593750 +1.000000 +0.000000
+1.625000 +1.000000 +0.000000
+1.656250 +1.000000 +0.000000
+1.687500 +1.000000 +0.000000
+1.718750 +1.000000 +0.000000
+1.750000 +1.000000 +0.000000
+1.781250 +1.000000 +0.000000
+1.812500 +1.000000 +0.000000
+1.843750 +1.000000 +0.000000
+1.875000 +1.000000 +0.000000
+1.906250 +1.000000 +0.000000
+1.937500 +1.000000 +0.000000
+1.968750 +1.000000 +0.000000
+2.000000 +1.000000 +0.000000
