+0.000000 +0.000000 +1.000000
+0.031250 +0.000000 +1.000000
+0.062500 +0.000000 +1.000000
+0.093750 +0.000000 +1.000000
+0.125000 +0.000000 +1.000000
+0.156250 +0.000000 +1.000000
+0.187500 +0.000000 +1.000000
+0.218750 +0.000000 +1.000000
+0.250000 +0.000000 +1.000000
+0.281250 +0.000000 +1.000000
+0.312500 +0.000000 +1.000000
+0.343750 +0.000000 +1.000000
+0.375000 +0.000000 +1.000000
+0.406250 +0.000000 +1.000000
+0.437500 +0.000000 +1.000000
+0.468750 +0.000000 +1.000000
+0.500000 +0.000000 +1.000000
+0.531250 +0.000000 +1.000000
+0.562500 +0.000000 +1.000000
+0.593750 +0.000000 +1.000000
+0.625000 +0.000000 +1.000000
+0.656250 +0.000000 +1.000000
+0.687500 +0.000000 +1.000000
+0.718750 +0.000000 +1.000000
+0.750000 +0.000000 +1.000000
+0.781250 +0.000000 +1.000000
+0.812500 +0.000000 +1.000000
+0.843750 +0.000000 +1.000000
+0.875000 +0.000000 +1.000000
+0.906250 +0.000000 +1.000000
+0.937500 +0.000000 +1.000000
+0.968750 +0.000000 +1.000000
+1.000000 +0.000000 +1.000000
+1.031250 +0.000000 +1.000000
+1.062500 +0.000000 +1.000000
+1.093750 +0.000000 +1.000000
+1.125000 +0.000000 +1.000000
+1.156250 +0.000000 +1.000000
+1.187500 +0.000000 +1.000000
+1.218750 +0.000000 +1.000000
+1.250000 +0.000000 +1.000000
+1.281250 +0.000000 +1.000000
+1.312500 +0.000000 +1.000000
+1.343750 +0.000000 +1.000000
+1.375000 +0.000000 +1.000000
+1.406250 +0.000000 +1.000000
+1.437500 +0.000000 +1.000000
+1.468750 +0.000000 +1.000000
+1.500000 +0.000000 +1.000000
+1.531250 +0.000000 +1.000000
+1.562500 +0.000000 +1.000000
+1.593750 +0.000000 +1.000000
+1.625000 +0.000000 +1.000000
+1.656250 +0.000000 +1.000000
+1.687500 +0.000000 +1.000000
+1.718750 +0.000000 +1.000000
+1.750000 +0.000000 +1.000000
+1.781250 +0.000000 +1.000000
+1.812500 +0.000000 +1.000000
+1.843750 +0.000000 +1.000000
+1.875000 +0.000000 +1.000000
+1.906250 +0.000000 +1.000000
+1.937500 +0.000000 +1.000000
+1.968750 +0.000000 +1.000000
+2.000000 +0.000000 +1.000000
+0.000000 +0.031250 +0.958785
+0.031250 +0.031250 +0.959201
+0.062500 +0.031250 +0.959671
+0.093750 +0.031250 +0.960183
+0.125000 +0.031250 +0.960734
+0.156250 +0.031250 +0.961321
+0.187500 +0.031250 +0.961942
+0.218750 +0.031250 +0.962594
+0.250000 +0.031250 +0.963276
+0.281250 +0.031250 +0.963984
+0.312500 +0.031250 +0.964715
+0.343750 +0.031250 +0.965465
+0.375000 +0.031250 +0.966230
+0.406250 +0.031250 +0.967005
+0.437500 +0.031250 +0.967784
+0.468750 +0.031250 +0.968563
+0.500000 +0.031250 +0.969335
+0.531250 +0.031250 +0.970093
+0.562500 +0.031250 +0.970831
+0.593750 +0.031250 +0.971543
+0.625000 +0.031250 +0.972221
+0.656250 +0.031250 +0.972859
+0.687500 +0.031250 +0.973450
+0.718750 +0.031250 +0.973986
+0.750000 +0.031250 +0.974463
+0.781250 +0.031250 +0.974873
+0.812500 +0.031250 +0.975212
+0.843750 +0.031250 +0.975474
+0.875000 +0.031250 +0.975656
+0.906250 +0.031250 +0.975755
+0.937500 +0.031250 +0.975767
+0.968750 +0.031250 +0.975692
+1.000000 +0.031250 +0.975529
+1.031250 +0.031250 +0.975280
+1.062500 +0.031250 +0.974945
+1.093750 +0.031250 +0.974528
+1.125000 +0.031250 +0.974033
+1.156250 +0.031250 +0.973464
+1.187500 +0.031250 +0.972827
+1.218750 +0.031250 +0.972128
+1.250000 +0.031250 +0.971375
+1.281250 +0.031250 +0.970575
+1.312500 +0.031250 +0.969737
+1.343750 +0.031250 +0.968869
+1.375000 +0.031250 +0.967980
+1.406250 +0.031250 +0.967080
+1.437500 +0.031250 +0.966177
+1.468750 +0.031250 +0.965281
+1.500000 +0.031250 +0.964402
+1.531250 +0.031250 +0.963547
+1.562500 +0.031250 +0.962727
+1.593750 +0.031250 +0.961951
+1.625000 +0.031250 +0.961225
+1.656250 +0.031250 +0.960560
+1.687500 +0.031250 +0.959963
+1.718750 +0.031250 +0.959441
+1.750000 +0.031250 +0.959002
+1.781250 +0.031250 +0.958652
+1.812500 +0.031250 +0.958400
+1.843750 +0.031250 +0.958250
+1.875000 +0.031250 +0.958210
+1.906250 +0.031250 +0.958284
+1.937500 +0.031250 +0.958475
+1.968750 +0.031250 +0.958785
+2.000000 +0.031250 +0.959201
+0.000000 +0.062500 +0.917518
+0.031250 +0.062500 +0.918373
+0.062500 +0.062500 +0.919323
+0.093750 +0.062500 +0.920355
+0.125000 +0.062500 +0.921461
+0.156250 +0.062500 +0.922637
+0.187500 +0.062500 +0.923881
+0.218750 +0.062500 +0.925188
+0.250000 +0.062500 +0.926554
+0.281250 +0.062500 +0.927972
+0.312500 +0.062500 +0.929437
+0.343750 +0.062500 +0.930940
+0.375000 +0.062500 +0.932472
+0.406250 +0.062500 +0.934025
+0.437500 +0.062500 +0.935588
+0.468750 +0.062500 +0.937149
+0.500000 +0.062500 +0.938696
+0.531250 +0.062500 +0.940216
+0.562500 +0.062500 +0.941697
+0.593750 +0.062500 +0.943124
+0.625000 +0.062500 +0.944484
+0.656250 +0.062500 +0.945764
+0.687500 +0.062500 +0.946948
+0.718750 +0.062500 +0.948025
+0.750000 +0.062500 +0.948981
+0.781250 +0.062500 +0.949805
+0.812500 +0.062500 +0.950484
+0.843750 +0.062500 +0.951011
+0.875000 +0.062500 +0.951376
+0.906250 +0.062500 +0.951574
+0.937500 +0.062500 +0.951599
+0.968750 +0.062500 +0.951448
+1.000000 +0.062500 +0.951122
+1.031250 +0.062500 +0.950622
+1.062500 +0.062500 +0.949950
+1.093750 +0.062500 +0.949114
+1.125000 +0.062500 +0.948120
+1.156250 +0.062500 +0.946978
+1.187500 +0.062500 +0.945700
+1.218750 +0.062500 +0.944298
+1.250000 +0.062500 +0.942787
+1.281250 +0.062500 +0.941182
+1.312500 +0.062500 +0.939501
+1.343750 +0.062500 +0.937759
+1.375000 +0.062500 +0.935976
+1.406250 +0.062500 +0.934169
+1.437500 +0.062500 +0.932358
+1.468750 +0.062500 +0.930561
+1.500000 +0.062500 +0.928796
+1.531250 +0.062500 +0.927081
+1.562500 +0.062500 +0.925436
+1.593750 +0.062500 +0.923876
+1.625000 +0.062500 +0.922421
+1.656250 +0.062500 +0.921085
+1.687500 +0.062500 +0.919885
+1.718750 +0.062500 +0.918836
+1.750000 +0.062500 +0.917953
+1.781250 +0.062500 +0.917251
+1.812500 +0.062500 +0.916742
+1.843750 +0.062500 +0.916440
+1.875000 +0.062500 +0.916357
+1.906250 +0.062500 +0.916505
+1.937500 +0.062500 +0.916890
+1.968750 +0.062500 +0.917518
+2.000000 +0.062500 +0.918373
+0.000000 +0.093750 +0.876235
+0.031250 +0.093750 +0.877557
+0.062500 +0.093750 +0.879002
+0.093750 +0.093750 +0.880560
+0.125000 +0.093750 +0.882226
+0.156250 +0.093750 +0.883995
+0.187500 +0.093750 +0.885864
+0.218750 +0.093750 +0.887827
+0.250000 +0.093750 +0.889878
+0.281250 +0.093750 +0.892008
+0.312500 +0.093750 +0.894208
+0.343750 +0.093750 +0.896466
+0.375000 +0.093750 +0.898768
+0.406250 +0.093750 +0.901101
+0.437500 +0.093750 +0.903449
+0.468750 +0.093750 +0.905794
+0.500000 +0.093750 +0.908119
+0.531250 +0.093750 +0.910404
+0.562500 +0.093750 +0.912629
+0.593750 +0.093750 +0.914774
+0.625000 +0.093750 +0.916819
+0.656250 +0.093750 +0.918742
+0.687500 +0.093750 +0.920523
+0.718750 +0.093750 +0.922142
+0.750000 +0.093750 +0.923579
+0.781250 +0.093750 +0.924817
+0.812500 +0.093750 +0.925840
+0.843750 +0.093750 +0.926632
+0.875000 +0.093750 +0.927182
+0.906250 +0.093750 +0.927479
+0.937500 +0.093750 +0.927517
+0.968750 +0.093750 +0.927292
+1.000000 +0.093750 +0.926802
+1.031250 +0.093750 +0.926050
+1.062500 +0.093750 +0.925041
+1.093750 +0.093750 +0.923783
+1.125000 +0.093750 +0.922289
+1.156250 +0.093750 +0.920572
+1.187500 +0.093750 +0.918650
+1.218750 +0.093750 +0.916542
+1.250000 +0.093750 +0.914270
+1.281250 +0.093750 +0.911857
+1.312500 +0.093750 +0.909328
+1.343750 +0.093750 +0.906708
+1.375000 +0.093750 +0.904026
+1.406250 +0.093750 +0.901309
+1.437500 +0.093750 +0.898583
+1.468750 +0.093750 +0.895879
+1.500000 +0.093750 +0.893223
+1.531250 +0.093750 +0.890643
+1.562500 +0.093750 +0.888165
+1.593750 +0.093750 +0.885818
+1.625000 +0.093750 +0.883625
+1.656250 +0.093750 +0.881613
+1.687500 +0.093750 +0.879805
+1.718750 +0.093750 +0.878224
+1.750000 +0.093750 +0.876892
+1.781250 +0.093750 +0.875831
+1.812500 +0.093750 +0.875062
+1.843750 +0.093750 +0.874603
+1.875000 +0.093750 +0.874476
+1.906250 +0.093750 +0.874696
+1.937500 +0.093750 +0.875280
+1.968750 +0.093750 +0.876235
+2.000000 +0.093750 +0.877557
+0.000000 +0.125000 +0.835041
+0.031250 +0.125000 +0.836849
+0.062500 +0.125000 +0.838801
+0.093750 +0.125000 +0.840892
+0.125000 +0.125000 +0.843119
+0.156250 +0.125000 +0.845481
+0.187500 +0.125000 +0.847974
+0.218750 +0.125000 +0.850592
+0.250000 +0.125000 +0.853326
+0.281250 +0.125000 +0.856165
+0.312500 +0.125000 +0.859098
+0.343750 +0.125000 +0.862107
+0.375000 +0.125000 +0.865177
+0.406250 +0.125000 +0.868287
+0.437500 +0.125000 +0.871417
+0.468750 +0.125000 +0.874544
+0.500000 +0.125000 +0.877643
+0.531250 +0.125000 +0.880690
+0.562500 +0.125000 +0.883656
+0.593750 +0.125000 +0.886517
+0.625000 +0.125000 +0.889243
+0.656250 +0.125000 +0.891807
+0.687500 +0.125000 +0.894182
+0.718750 +0.125000 +0.896340
+0.750000 +0.125000 +0.898257
+0.781250 +0.125000 +0.899908
+0.812500 +0.125000 +0.901272
+0.843750 +0.125000 +0.902329
+0.875000 +0.125000 +0.903063
+0.906250 +0.125000 +0.903460
+0.937500 +0.125000 +0.903512
+0.968750 +0.125000 +0.903212
+1.000000 +0.125000 +0.902560
+1.031250 +0.125000 +0.901558
+1.062500 +0.125000 +0.900213
+1.093750 +0.125000 +0.898537
+1.125000 +0.125000 +0.896546
+1.156250 +0.125000 +0.894257
+1.187500 +0.125000 +0.891694
+1.218750 +0.125000 +0.888883
+1.250000 +0.125000 +0.885853
+1.281250 +0.125000 +0.882634
+1.312500 +0.125000 +0.879259
+1.343750 +0.125000 +0.875764
+1.375000 +0.125000 +0.872185
+1.406250 +0.125000 +0.868557
+1.437500 +0.125000 +0.864919
+1.468750 +0.125000 +0.861307
+1.500000 +0.125000 +0.857759
+1.531250 +0.125000 +0.854312
+1.562500 +0.125000 +0.851002
+1.593750 +0.125000 +0.847864
+1.625000 +0.125000 +0.844932
+1.656250 +0.125000 +0.842240
+1.687500 +0.125000 +0.839821
+1.718750 +0.125000 +0.837704
+1.750000 +0.125000 +0.835919
+1.781250 +0.125000 +0.834497
+1.812500 +0.125000 +0.833463
+1.843750 +0.125000 +0.832846
+1.875000 +0.125000 +0.832672
+1.906250 +0.125000 +0.832965
+1.937500 +0.125000 +0.833749
+1.968750 +0.125000 +0.835041
+2.000000 +0.125000 +0.836849
+0.000000 +0.156250 +0.794085
+0.031250 +0.156250 +0.796390
+0.062500 +0.156250 +0.798852
+0.093750 +0.156250 +0.801475
+0.125000 +0.156250 +0.804261
+0.156250 +0.156250 +0.807211
+0.187500 +0.156250 +0.810321
+0.218750 +0.156250 +0.813586
+0.250000 +0.156250 +0.816995
+0.281250 +0.156250 +0.820535
+0.312500 +0.156250 +0.824191
+0.343750 +0.156250 +0.827943
+0.375000 +0.156250 +0.831770
+0.406250 +0.156250 +0.835647
+0.437500 +0.156250 +0.839548
+0.468750 +0.156250 +0.843446
+0.500000 +0.156250 +0.847308
+0.531250 +0.156250 +0.851105
+0.562500 +0.156250 +0.854802
+0.593750 +0.156250 +0.858366
+0.625000 +0.156250 +0.861763
+0.656250 +0.156250 +0.864958
+0.687500 +0.156250 +0.867916
+0.718750 +0.156250 +0.870606
+0.750000 +0.156250 +0.872994
+0.781250 +0.156250 +0.875052
+0.812500 +0.156250 +0.876751
+0.843750 +0.156250 +0.878069
+0.875000 +0.156250 +0.878984
+0.906250 +0.156250 +0.879480
+0.937500 +0.156250 +0.879546
+0.968750 +0.156250 +0.879174
+1.000000 +0.156250 +0.878363
+1.031250 +0.156250 +0.877117
+1.062500 +0.156250 +0.875444
+1.093750 +0.156250 +0.873358
+1.125000 +0.156250 +0.870878
+1.156250 +0.156250 +0.868027
+1.187500 +0.156250 +0.864835
+1.218750 +0.156250 +0.861333
+1.250000 +0.156250 +0.857556
+1.281250 +0.156250 +0.853544
+1.312500 +0.156250 +0.849337
+1.343750 +0.156250 +0.844978
+1.375000 +0.156250 +0.840513
+1.406250 +0.156250 +0.835986
+1.437500 +0.156250 +0.831445
+1.468750 +0.156250 +0.826935
+1.500000 +0.156250 +0.822504
+1.531250 +0.156250 +0.818197
+1.562500 +0.156250 +0.814060
+1.593750 +0.156250 +0.810136
+1.625000 +0.156250 +0.806470
+1.656250 +0.156250 +0.803102
+1.687500 +0.156250 +0.800072
+1.718750 +0.156250 +0.797421
+1.750000 +0.156250 +0.795185
+1.781250 +0.156250 +0.793400
+1.812500 +0.156250 +0.792102
+1.843750 +0.156250 +0.791325
+1.875000 +0.156250 +0.791102
+1.906250 +0.156250 +0.791468
+1.937500 +0.156250 +0.792452
+1.968750 +0.156250 +0.794085
+2.000000 +0.156250 +0.796390
+0.000000 +0.187500 +0.753543
+0.031250 +0.187500 +0.756344
+0.062500 +0.187500 +0.759310
+0.093750 +0.187500 +0.762455
+0.125000 +0.187500 +0.765789
+0.156250 +0.187500 +0.769314
+0.187500 +0.187500 +0.773028
+0.218750 +0.187500 +0.776925
+0.250000 +0.187500 +0.780993
+0.281250 +0.187500 +0.785218
+0.312500 +0.187500 +0.789579
+0.343750 +0.187500 +0.794055
+0.375000 +0.187500 +0.798620
+0.406250 +0.187500 +0.803244
+0.437500 +0.187500 +0.807896
+0.468750 +0.187500 +0.812543
+0.500000 +0.187500 +0.817148
+0.531250 +0.187500 +0.821673
+0.562500 +0.187500 +0.826080
+0.593750 +0.187500 +0.830328
+0.625000 +0.187500 +0.834375
+0.656250 +0.187500 +0.838181
+0.687500 +0.187500 +0.841706
+0.718750 +0.187500 +0.844910
+0.750000 +0.187500 +0.847755
+0.781250 +0.187500 +0.850206
+0.812500 +0.187500 +0.852231
+0.843750 +0.187500 +0.853801
+0.875000 +0.187500 +0.854892
+0.906250 +0.187500 +0.855484
+0.937500 +0.187500 +0.855565
+0.968750 +0.187500 +0.855125
+1.000000 +0.187500 +0.854162
+1.031250 +0.187500 +0.852681
+1.062500 +0.187500 +0.850691
+1.093750 +0.187500 +0.848209
+1.125000 +0.187500 +0.845258
+1.156250 +0.187500 +0.841866
+1.187500 +0.187500 +0.838065
+1.218750 +0.187500 +0.833894
+1.250000 +0.187500 +0.829394
+1.281250 +0.187500 +0.824612
+1.312500 +0.187500 +0.819596
+1.343750 +0.187500 +0.814398
+1.375000 +0.187500 +0.809071
+1.406250 +0.187500 +0.803668
+1.437500 +0.187500 +0.798246
+1.468750 +0.187500 +0.792860
+1.500000 +0.187500 +0.787565
+1.531250 +0.187500 +0.782417
+1.562500 +0.187500 +0.777469
+1.593750 +0.187500 +0.772775
+1.625000 +0.187500 +0.768386
+1.656250 +0.187500 +0.764353
+1.687500 +0.187500 +0.760724
+1.718750 +0.187500 +0.757546
+1.750000 +0.187500 +0.754864
+1.781250 +0.187500 +0.752722
+1.812500 +0.187500 +0.751163
+1.843750 +0.187500 +0.750227
+1.875000 +0.187500 +0.749956
+1.906250 +0.187500 +0.750391
+1.937500 +0.187500 +0.751573
+1.968750 +0.187500 +0.753543
+2.000000 +0.187500 +0.756344
+0.000000 +0.218750 +0.713602
+0.031250 +0.218750 +0.716882
+0.062500 +0.218750 +0.720335
+0.093750 +0.218750 +0.723985
+0.125000 +0.218750 +0.727847
+0.156250 +0.218750 +0.731925
+0.187500 +0.218750 +0.736221
+0.218750 +0.218750 +0.740726
+0.250000 +0.218750 +0.745429
+0.281250 +0.218750 +0.750311
+0.312500 +0.218750 +0.755351
+0.343750 +0.218750 +0.760522
+0.375000 +0.218750 +0.765795
+0.406250 +0.218750 +0.771136
+0.437500 +0.218750 +0.776509
+0.468750 +0.218750 +0.781873
+0.500000 +0.218750 +0.787189
+0.531250 +0.218750 +0.792411
+0.562500 +0.218750 +0.797495
+0.593750 +0.218750 +0.802395
+0.625000 +0.218750 +0.807063
+0.656250 +0.218750 +0.811452
+0.687500 +0.218750 +0.815515
+0.718750 +0.218750 +0.819209
+0.750000 +0.218750 +0.822488
+0.781250 +0.218750 +0.825314
+0.812500 +0.218750 +0.827648
+0.843750 +0.218750 +0.829459
+0.875000 +0.218750 +0.830718
+0.906250 +0.218750 +0.831403
+0.937500 +0.218750 +0.831499
+0.968750 +0.218750 +0.830995
+1.000000 +0.218750 +0.829890
+1.031250 +0.218750 +0.828187
+1.062500 +0.218750 +0.825899
+1.093750 +0.218750 +0.823044
+1.125000 +0.218750 +0.819647
+1.156250 +0.218750 +0.815740
+1.187500 +0.218750 +0.811362
+1.218750 +0.218750 +0.806555
+1.250000 +0.218750 +0.801368
+1.281250 +0.218750 +0.795853
+1.312500 +0.218750 +0.790066
+1.343750 +0.218750 +0.784066
+1.375000 +0.218750 +0.777914
+1.406250 +0.218750 +0.771672
+1.437500 +0.218750 +0.765405
+1.468750 +0.218750 +0.759176
+1.500000 +0.218750 +0.753050
+1.531250 +0.218750 +0.747091
+1.562500 +0.218750 +0.741361
+1.593750 +0.218750 +0.735922
+1.625000 +0.218750 +0.730836
+1.656250 +0.218750 +0.726159
+1.687500 +0.218750 +0.721949
+1.718750 +0.218750 +0.718260
+1.750000 +0.218750 +0.715145
+1.781250 +0.218750 +0.712656
+1.812500 +0.218750 +0.710841
+1.843750 +0.218750 +0.709750
+1.875000 +0.218750 +0.709431
+1.906250 +0.218750 +0.709933
+1.937500 +0.218750 +0.711305
+1.968750 +0.218750 +0.713602
+2.000000 +0.218750 +0.716882
+0.000000 +0.250000 +0.674444
+0.031250 +0.250000 +0.678175
+0.062500 +0.250000 +0.682086
+0.093750 +0.250000 +0.686212
+0.125000 +0.250000 +0.690572
+0.156250 +0.250000 +0.695174
+0.187500 +0.250000 +0.700019
+0.218750 +0.250000 +0.705099
+0.250000 +0.250000 +0.710402
+0.281250 +0.250000 +0.715906
+0.312500 +0.250000 +0.721587
+0.343750 +0.250000 +0.727415
+0.375000 +0.250000 +0.733356
+0.406250 +0.250000 +0.739373
+0.437500 +0.250000 +0.745423
+0.468750 +0.250000 +0.751463
+0.500000 +0.250000 +0.757446
+0.531250 +0.250000 +0.763322
+0.562500 +0.250000 +0.769041
+0.593750 +0.250000 +0.774551
+0.625000 +0.250000 +0.779799
+0.656250 +0.250000 +0.784732
+0.687500 +0.250000 +0.789299
+0.718750 +0.250000 +0.793449
+0.750000 +0.250000 +0.797134
+0.781250 +0.250000 +0.800308
+0.812500 +0.250000 +0.802932
+0.843750 +0.250000 +0.804967
+0.875000 +0.250000 +0.806383
+0.906250 +0.250000 +0.807156
+0.937500 +0.250000 +0.807268
+0.968750 +0.250000 +0.806707
+1.000000 +0.250000 +0.805471
+1.031250 +0.250000 +0.803565
+1.062500 +0.250000 +0.801001
+1.093750 +0.250000 +0.797800
+1.125000 +0.250000 +0.793991
+1.156250 +0.250000 +0.789608
+1.187500 +0.250000 +0.784693
+1.218750 +0.250000 +0.779296
+1.250000 +0.250000 +0.773468
+1.281250 +0.250000 +0.767269
+1.312500 +0.250000 +0.760761
+1.343750 +0.250000 +0.754010
+1.375000 +0.250000 +0.747084
+1.406250 +0.250000 +0.740054
+1.437500 +0.250000 +0.732991
+1.468750 +0.250000 +0.725967
+1.500000 +0.250000 +0.719056
+1.531250 +0.250000 +0.712330
+1.562500 +0.250000 +0.705859
+1.593750 +0.250000 +0.699714
+1.625000 +0.250000 +0.693964
+1.656250 +0.250000 +0.688674
+1.687500 +0.250000 +0.683911
+1.718750 +0.250000 +0.679735
+1.750000 +0.250000 +0.676208
+1.781250 +0.250000 +0.673388
+1.812500 +0.250000 +0.671330
+1.843750 +0.250000 +0.670090
+1.875000 +0.250000 +0.669724
+1.906250 +0.250000 +0.670288
+1.937500 +0.250000 +0.671839
+1.968750 +0.250000 +0.674444
+2.000000 +0.250000 +0.678175
+0.000000 +0.281250 +0.636231
+0.031250 +0.281250 +0.640372
+0.062500 +0.281250 +0.644704
+0.093750 +0.281250 +0.649267
+0.125000 +0.281250 +0.654086
+0.156250 +0.281250 +0.659172
+0.187500 +0.281250 +0.664525
+0.218750 +0.281250 +0.670139
+0.250000 +0.281250 +0.675997
+0.281250 +0.281250 +0.682077
+0.312500 +0.281250 +0.688352
+0.343750 +0.281250 +0.694787
+0.375000 +0.281250 +0.701346
+0.406250 +0.281250 +0.707986
+0.437500 +0.281250 +0.714661
+0.468750 +0.281250 +0.721323
+0.500000 +0.281250 +0.727919
+0.531250 +0.281250 +0.734395
+0.562500 +0.281250 +0.740697
+0.593750 +0.281250 +0.746765
+0.625000 +0.281250 +0.752544
+0.656250 +0.281250 +0.757974
+0.687500 +0.281250 +0.763000
+0.718750 +0.281250 +0.767566
+0.750000 +0.281250 +0.771620
+0.781250 +0.281250 +0.775112
+0.812500 +0.281250 +0.777999
+0.843750 +0.281250 +0.780239
+0.875000 +0.281250 +0.781799
+0.906250 +0.281250 +0.782653
+0.937500 +0.281250 +0.782781
+0.968750 +0.281250 +0.782170
+1.000000 +0.281250 +0.780819
+1.031250 +0.281250 +0.778730
+1.062500 +0.281250 +0.775920
+1.093750 +0.281250 +0.772408
+1.125000 +0.281250 +0.768227
+1.156250 +0.281250 +0.763413
+1.187500 +0.281250 +0.758013
+1.218750 +0.281250 +0.752079
+1.250000 +0.281250 +0.745670
+1.281250 +0.281250 +0.738847
+1.312500 +0.281250 +0.731681
+1.343750 +0.281250 +0.724243
+1.375000 +0.281250 +0.716608
+1.406250 +0.281250 +0.708853
+1.437500 +0.281250 +0.701057
+1.468750 +0.281250 +0.693300
+1.500000 +0.281250 +0.685663
+1.531250 +0.281250 +0.678226
+1.562500 +0.281250 +0.671067
+1.593750 +0.281250 +0.664266
+1.625000 +0.281250 +0.657898
+1.656250 +0.281250 +0.652038
+1.687500 +0.281250 +0.646758
+1.718750 +0.281250 +0.642128
+1.750000 +0.281250 +0.638216
+1.781250 +0.281250 +0.635085
+1.812500 +0.281250 +0.632800
+1.843750 +0.281250 +0.631421
+1.875000 +0.281250 +0.631010
+1.906250 +0.281250 +0.631629
+1.937500 +0.281250 +0.633345
+1.968750 +0.281250 +0.636231
+2.000000 +0.281250 +0.640372
+0.000000 +0.312500 +0.599099
+0.031250 +0.312500 +0.603600
+0.062500 +0.312500 +0.608304
+0.093750 +0.312500 +0.613258
+0.125000 +0.312500 +0.618489
+0.156250 +0.312500 +0.624010
+0.187500 +0.312500 +0.629823
+0.218750 +0.312500 +0.635918
+0.250000 +0.312500 +0.642279
+0.281250 +0.312500 +0.648880
+0.312500 +0.312500 +0.655691
+0.343750 +0.312500 +0.662675
+0.375000 +0.312500 +0.669790
+0.406250 +0.312500 +0.676992
+0.437500 +0.312500 +0.684229
+0.468750 +0.312500 +0.691448
+0.500000 +0.312500 +0.698594
+0.531250 +0.312500 +0.705607
+0.562500 +0.312500 +0.712428
+0.593750 +0.312500 +0.718995
+0.625000 +0.312500 +0.725245
+0.656250 +0.312500 +0.731117
+0.687500 +0.312500 +0.736550
+0.718750 +0.312500 +0.741485
+0.750000 +0.312500 +0.745866
+0.781250 +0.312500 +0.749640
+0.812500 +0.312500 +0.752760
+0.843750 +0.312500 +0.755182
+0.875000 +0.312500 +0.756871
+0.906250 +0.312500 +0.757798
+0.937500 +0.312500 +0.757943
+0.968750 +0.312500 +0.757291
+1.000000 +0.312500 +0.755840
+1.031250 +0.312500 +0.753595
+1.062500 +0.312500 +0.750569
+1.093750 +0.312500 +0.746787
+1.125000 +0.312500 +0.742280
+1.156250 +0.312500 +0.737090
+1.187500 +0.312500 +0.731263
+1.218750 +0.312500 +0.724857
+1.250000 +0.312500 +0.717933
+1.281250 +0.312500 +0.710559
+1.312500 +0.312500 +0.702809
+1.343750 +0.312500 +0.694759
+1.375000 +0.312500 +0.686490
+1.406250 +0.312500 +0.678086
+1.437500 +0.312500 +0.669633
+1.468750 +0.312500 +0.661217
+1.500000 +0.312500 +0.652925
+1.531250 +0.312500 +0.644846
+1.562500 +0.312500 +0.637064
+1.593750 +0.312500 +0.629667
+1.625000 +0.312500 +0.622738
+1.656250 +0.312500 +0.616359
+1.687500 +0.312500 +0.610609
+1.718750 +0.312500 +0.605565
+1.750000 +0.312500 +0.601301
+1.781250 +0.312500 +0.597888
+1.812500 +0.312500 +0.595395
+1.843750 +0.312500 +0.593888
+1.875000 +0.312500 +0.593435
+1.906250 +0.312500 +0.594103
+1.937500 +0.312500 +0.595964
+1.968750 +0.312500 +0.599099
+2.000000 +0.312500 +0.603600
+0.000000 +0.343750 +0.563147
+0.031250 +0.343750 +0.567951
+0.062500 +0.343750 +0.572972
+0.093750 +0.343750 +0.578263
+0.125000 +0.343750 +0.583852
+0.156250 +0.343750 +0.589754
+0.187500 +0.343750 +0.595968
+0.218750 +0.343750 +0.602486
+0.250000 +0.343750 +0.609287
+0.281250 +0.343750 +0.616345
+0.312500 +0.343750 +0.623626
+0.343750 +0.343750 +0.631091
+0.375000 +0.343750 +0.638694
+0.406250 +0.343750 +0.646385
+0.437500 +0.343750 +0.654112
+0.468750 +0.343750 +0.661817
+0.500000 +0.343750 +0.669439
+0.531250 +0.343750 +0.676918
+0.562500 +0.343750 +0.684187
+0.593750 +0.343750 +0.691183
+0.625000 +0.343750 +0.697840
+0.656250 +0.343750 +0.704091
+0.687500 +0.343750 +0.709873
+0.718750 +0.343750 +0.715124
+0.750000 +0.343750 +0.719785
+0.781250 +0.343750 +0.723800
+0.812500 +0.343750 +0.727119
+0.843750 +0.343750 +0.729698
+0.875000 +0.343750 +0.731498
+0.906250 +0.343750 +0.732490
+0.937500 +0.343750 +0.732651
+0.968750 +0.343750 +0.731967
+1.000000 +0.343750 +0.730435
+1.031250 +0.343750 +0.728060
+1.062500 +0.343750 +0.724856
+1.093750 +0.343750 +0.720847
+1.125000 +0.343750 +0.716068
+1.156250 +0.343750 +0.710559
+1.187500 +0.343750 +0.704373
+1.218750 +0.343750 +0.697566
+1.250000 +0.343750 +0.690204
+1.281250 +0.343750 +0.682358
+1.312500 +0.343750 +0.674107
+1.343750 +0.343750 +0.665531
+1.375000 +0.343750 +0.656716
+1.406250 +0.343750 +0.647750
+1.437500 +0.343750 +0.638726
+1.468750 +0.343750 +0.629735
+1.500000 +0.343750 +0.620871
+1.531250 +0.343750 +0.612228
+1.562500 +0.343750 +0.603899
+1.593750 +0.343750 +0.595978
+1.625000 +0.343750 +0.588553
+1.656250 +0.343750 +0.581715
+1.687500 +0.343750 +0.575549
+1.718750 +0.343750 +0.570138
+1.750000 +0.343750 +0.565562
+1.781250 +0.343750 +0.561898
+1.812500 +0.343750 +0.559220
+1.843750 +0.343750 +0.557600
+1.875000 +0.343750 +0.557109
+1.906250 +0.343750 +0.557818
+1.937500 +0.343750 +0.559802
+1.968750 +0.343750 +0.563147
+2.000000 +0.343750 +0.567951
+0.000000 +0.375000 +0.528440
+0.031250 +0.375000 +0.533483
+0.062500 +0.375000 +0.538762
+0.093750 +0.375000 +0.544329
+0.125000 +0.375000 +0.550216
+0.156250 +0.375000 +0.556436
+0.187500 +0.375000 +0.562989
+0.218750 +0.375000 +0.569862
+0.250000 +0.375000 +0.577036
+0.281250 +0.375000 +0.584480
+0.312500 +0.375000 +0.592158
+0.343750 +0.375000 +0.600027
+0.375000 +0.375000 +0.608040
+0.406250 +0.375000 +0.616143
+0.437500 +0.375000 +0.624279
+0.468750 +0.375000 +0.632389
+0.500000 +0.375000 +0.640408
+0.531250 +0.375000 +0.648272
+0.562500 +0.375000 +0.655913
+0.593750 +0.375000 +0.663263
+0.625000 +0.375000 +0.670254
+0.656250 +0.375000 +0.676816
+0.687500 +0.375000 +0.682884
+0.718750 +0.375000 +0.688394
+0.750000 +0.375000 +0.693283
+0.781250 +0.375000 +0.697495
+0.812500 +0.375000 +0.700977
+0.843750 +0.375000 +0.703684
+0.875000 +0.375000 +0.705577
+0.906250 +0.375000 +0.706623
+0.937500 +0.375000 +0.706800
+0.968750 +0.375000 +0.706095
+1.000000 +0.375000 +0.704501
+1.031250 +0.375000 +0.702025
+1.062500 +0.375000 +0.698681
+1.093750 +0.375000 +0.694494
+1.125000 +0.375000 +0.689497
+1.156250 +0.375000 +0.683735
+1.187500 +0.375000 +0.677259
+1.218750 +0.375000 +0.670129
+1.250000 +0.375000 +0.662412
+1.281250 +0.375000 +0.654183
+1.312500 +0.375000 +0.645522
+1.343750 +0.375000 +0.636513
+1.375000 +0.375000 +0.627247
+1.406250 +0.375000 +0.617815
+1.437500 +0.375000 +0.608315
+1.468750 +0.375000 +0.598843
+1.500000 +0.375000 +0.589498
+1.531250 +0.375000 +0.580381
+1.562500 +0.375000 +0.571590
+1.593750 +0.375000 +0.563223
+1.625000 +0.375000 +0.555377
+1.656250 +0.375000 +0.548148
+1.687500 +0.375000 +0.541626
+1.718750 +0.375000 +0.535901
+1.750000 +0.375000 +0.531059
+1.781250 +0.375000 +0.527180
+1.812500 +0.375000 +0.524344
+1.843750 +0.375000 +0.522626
+1.875000 +0.375000 +0.522100
+1.906250 +0.375000 +0.522840
+1.937500 +0.375000 +0.524925
+1.968750 +0.375000 +0.528440
+2.000000 +0.375000 +0.533483
+0.000000 +0.406250 +0.495001
+0.031250 +0.406250 +0.500218
+0.062500 +0.406250 +0.505691
+0.093750 +0.406250 +0.511472
+0.125000 +0.406250 +0.517592
+0.156250 +0.406250 +0.524063
+0.187500 +0.406250 +0.530885
+0.218750 +0.406250 +0.538043
+0.250000 +0.406250 +0.545514
+0.281250 +0.406250 +0.553266
+0.312500 +0.406250 +0.561261
+0.343750 +0.406250 +0.569453
+0.375000 +0.406250 +0.577791
+0.406250 +0.406250 +0.586220
+0.437500 +0.406250 +0.594680
+0.468750 +0.406250 +0.603108
+0.500000 +0.406250 +0.611439
+0.531250 +0.406250 +0.619603
+0.562500 +0.406250 +0.627533
+0.593750 +0.406250 +0.635157
+0.625000 +0.406250 +0.642404
+0.656250 +0.406250 +0.649205
+0.687500 +0.406250 +0.655492
+0.718750 +0.406250 +0.661198
+0.750000 +0.406250 +0.666262
+0.781250 +0.406250 +0.670623
+0.812500 +0.406250 +0.674231
+0.843750 +0.406250 +0.677036
+0.875000 +0.406250 +0.679001
+0.906250 +0.406250 +0.680091
+0.937500 +0.406250 +0.680285
+0.968750 +0.406250 +0.679567
+1.000000 +0.406250 +0.677932
+1.031250 +0.406250 +0.675385
+1.062500 +0.406250 +0.671941
+1.093750 +0.406250 +0.667625
+1.125000 +0.406250 +0.662470
+1.156250 +0.406250 +0.656521
+1.187500 +0.406250 +0.649830
+1.218750 +0.406250 +0.642459
+1.250000 +0.406250 +0.634475
+1.281250 +0.406250 +0.625955
+1.312500 +0.406250 +0.616981
+1.343750 +0.406250 +0.607640
+1.375000 +0.406250 +0.598024
+1.406250 +0.406250 +0.588230
+1.437500 +0.406250 +0.578356
+1.468750 +0.406250 +0.568505
+1.500000 +0.406250 +0.558779
+1.531250 +0.406250 +0.549283
+1.562500 +0.406250 +0.540120
+1.593750 +0.406250 +0.531395
+1.625000 +0.406250 +0.523209
+1.656250 +0.406250 +0.515663
+1.687500 +0.406250 +0.508852
+1.718750 +0.406250 +0.502872
+1.750000 +0.406250 +0.497812
+1.781250 +0.406250 +0.493758
+1.812500 +0.406250 +0.490792
+1.843750 +0.406250 +0.488993
+1.875000 +0.406250 +0.488438
+1.906250 +0.406250 +0.489201
+1.937500 +0.406250 +0.491360
+1.968750 +0.406250 +0.495001
+2.000000 +0.406250 +0.500218
+0.000000 +0.437500 +0.462820
+0.031250 +0.437500 +0.468146
+0.062500 +0.437500 +0.473746
+0.093750 +0.437500 +0.479675
+0.125000 +0.437500 +0.485960
+0.156250 +0.437500 +0.492613
+0.187500 +0.437500 +0.499630
+0.218750 +0.437500 +0.506996
+0.250000 +0.437500 +0.514685
+0.281250 +0.437500 +0.522664
+0.312500 +0.437500 +0.530891
+0.343750 +0.437500 +0.539319
+0.375000 +0.437500 +0.547893
+0.406250 +0.437500 +0.556558
+0.437500 +0.437500 +0.565250
+0.468750 +0.437500 +0.573906
+0.500000 +0.437500 +0.582456
+0.531250 +0.437500 +0.590833
+0.562500 +0.437500 +0.598963
+0.593750 +0.437500 +0.606777
+0.625000 +0.437500 +0.614201
+0.656250 +0.437500 +0.621166
+0.687500 +0.437500 +0.627601
+0.718750 +0.437500 +0.633441
+0.750000 +0.437500 +0.638622
+0.781250 +0.437500 +0.643085
+0.812500 +0.437500 +0.646777
+0.843750 +0.437500 +0.649651
+0.875000 +0.437500 +0.651665
+0.906250 +0.437500 +0.652789
+0.937500 +0.437500 +0.652998
+0.968750 +0.437500 +0.652277
+1.000000 +0.437500 +0.650621
+1.031250 +0.437500 +0.648034
+1.062500 +0.437500 +0.644531
+1.093750 +0.437500 +0.640136
+1.125000 +0.437500 +0.634884
+1.156250 +0.437500 +0.628817
+1.187500 +0.437500 +0.621989
+1.218750 +0.437500 +0.614461
+1.250000 +0.437500 +0.606301
+1.281250 +0.437500 +0.597587
+1.312500 +0.437500 +0.588401
+1.343750 +0.437500 +0.578831
+1.375000 +0.437500 +0.568973
+1.406250 +0.437500 +0.558923
+1.437500 +0.437500 +0.548784
+1.468750 +0.437500 +0.538660
+1.500000 +0.437500 +0.528658
+1.531250 +0.437500 +0.518885
+1.562500 +0.437500 +0.509449
+1.593750 +0.437500 +0.500458
+1.625000 +0.437500 +0.492018
+1.656250 +0.437500 +0.484233
+1.687500 +0.437500 +0.477205
+1.718750 +0.437500 +0.471032
+1.750000 +0.437500 +0.465807
+1.781250 +0.437500 +0.461620
+1.812500 +0.437500 +0.458555
+1.843750 +0.437500 +0.456694
+1.875000 +0.437500 +0.456114
+1.906250 +0.437500 +0.456890
+1.937500 +0.437500 +0.459098
+1.968750 +0.437500 +0.462820
+2.000000 +0.437500 +0.468146
+0.000000 +0.468750 +0.431856
+0.031250 +0.468750 +0.437224
+0.062500 +0.468750 +0.442888
+0.093750 +0.468750 +0.448896
+0.125000 +0.468750 +0.455277
+0.156250 +0.468750 +0.462038
+0.187500 +0.468750 +0.469175
+0.218750 +0.468750 +0.476670
+0.250000 +0.468750 +0.484495
+0.281250 +0.468750 +0.492614
+0.312500 +0.468750 +0.500985
+0.343750 +0.468750 +0.509557
+0.375000 +0.468750 +0.518276
+0.406250 +0.468750 +0.527082
+0.437500 +0.468750 +0.535912
+0.468750 +0.468750 +0.544701
+0.500000 +0.468750 +0.553378
+0.531250 +0.468750 +0.561874
+0.562500 +0.468750 +0.570117
+0.593750 +0.468750 +0.578034
+0.625000 +0.468750 +0.585553
+0.656250 +0.468750 +0.592604
+0.687500 +0.468750 +0.599116
+0.718750 +0.468750 +0.605025
+0.750000 +0.468750 +0.610266
+0.781250 +0.468750 +0.614781
+0.812500 +0.468750 +0.618517
+0.843750 +0.468750 +0.621427
+0.875000 +0.468750 +0.623470
+0.906250 +0.468750 +0.624615
+0.937500 +0.468750 +0.624838
+0.968750 +0.468750 +0.624123
+1.000000 +0.468750 +0.622466
+1.031250 +0.468750 +0.619870
+1.062500 +0.468750 +0.616349
+1.093750 +0.468750 +0.611926
+1.125000 +0.468750 +0.606636
+1.156250 +0.468750 +0.600522
+1.187500 +0.468750 +0.593634
+1.218750 +0.468750 +0.586034
+1.250000 +0.468750 +0.577791
+1.281250 +0.468750 +0.568980
+1.312500 +0.468750 +0.559684
+1.343750 +0.468750 +0.549993
+1.375000 +0.468750 +0.540001
+1.406250 +0.468750 +0.529807
+1.437500 +0.468750 +0.519515
+1.468750 +0.468750 +0.509229
+1.500000 +0.468750 +0.499059
+1.531250 +0.468750 +0.489115
+1.562500 +0.468750 +0.479508
+1.593750 +0.468750 +0.470347
+1.625000 +0.468750 +0.461744
+1.656250 +0.468750 +0.453804
+1.687500 +0.468750 +0.446633
+1.718750 +0.468750 +0.440333
+1.750000 +0.468750 +0.434998
+1.781250 +0.468750 +0.430722
+1.812500 +0.468750 +0.427592
+1.843750 +0.468750 +0.425688
+1.875000 +0.468750 +0.425088
+1.906250 +0.468750 +0.425867
+1.937500 +0.468750 +0.428097
+1.968750 +0.468750 +0.431856
+2.000000 +0.468750 +0.437224
+0.000000 +0.500000 +0.402041
+0.031250 +0.500000 +0.407388
+0.062500 +0.500000 +0.413050
+0.093750 +0.500000 +0.419071
+0.125000 +0.500000 +0.425477
+0.156250 +0.500000 +0.432273
+0.187500 +0.500000 +0.439452
+0.218750 +0.500000 +0.446994
+0.250000 +0.500000 +0.454870
+0.281250 +0.500000 +0.463042
+0.312500 +0.500000 +0.471465
+0.343750 +0.500000 +0.480089
+0.375000 +0.500000 +0.488857
+0.406250 +0.500000 +0.497709
+0.437500 +0.500000 +0.506581
+0.468750 +0.500000 +0.515406
+0.500000 +0.500000 +0.524115
+0.531250 +0.500000 +0.532638
+0.562500 +0.500000 +0.540902
+0.593750 +0.500000 +0.548835
+0.625000 +0.500000 +0.556367
+0.656250 +0.500000 +0.563426
+0.687500 +0.500000 +0.569944
+0.718750 +0.500000 +0.575856
+0.750000 +0.500000 +0.581100
+0.781250 +0.500000 +0.585617
+0.812500 +0.500000 +0.589356
+0.843750 +0.500000 +0.592270
+0.875000 +0.500000 +0.594320
+0.906250 +0.500000 +0.595475
+0.937500 +0.500000 +0.595710
+0.968750 +0.500000 +0.595010
+1.000000 +0.500000 +0.593371
+1.031250 +0.500000 +0.590795
+1.062500 +0.500000 +0.587295
+1.093750 +0.500000 +0.582895
+1.125000 +0.500000 +0.577628
+1.156250 +0.500000 +0.571533
+1.187500 +0.500000 +0.564663
+1.218750 +0.500000 +0.557077
+1.250000 +0.500000 +0.548842
+1.281250 +0.500000 +0.540033
+1.312500 +0.500000 +0.530731
+1.343750 +0.500000 +0.521026
+1.375000 +0.500000 +0.511011
+1.406250 +0.500000 +0.500785
+1.437500 +0.500000 +0.490452
+1.468750 +0.500000 +0.480117
+1.500000 +0.500000 +0.469891
+1.531250 +0.500000 +0.459885
+1.562500 +0.500000 +0.450210
+1.593750 +0.500000 +0.440980
+1.625000 +0.500000 +0.432306
+1.656250 +0.500000 +0.424297
+1.687500 +0.500000 +0.417061
+1.718750 +0.500000 +0.410701
+1.750000 +0.500000 +0.405314
+1.781250 +0.500000 +0.400995
+1.812500 +0.500000 +0.397832
+1.843750 +0.500000 +0.395905
+1.875000 +0.500000 +0.395292
+1.906250 +0.500000 +0.396064
+1.937500 +0.500000 +0.398290
+1.968750 +0.500000 +0.402041
+2.000000 +0.500000 +0.407388
+0.000000 +0.531250 +0.373289
+0.031250 +0.531250 +0.378555
+0.062500 +0.531250 +0.384151
+0.093750 +0.531250 +0.390119
+0.125000 +0.531250 +0.396479
+0.156250 +0.531250 +0.403236
+0.187500 +0.531250 +0.410379
+0.218750 +0.531250 +0.417886
+0.250000 +0.531250 +0.425727
+0.281250 +0.531250 +0.433863
+0.312500 +0.531250 +0.442247
+0.343750 +0.531250 +0.450829
+0.375000 +0.531250 +0.459550
+0.406250 +0.531250 +0.468352
+0.437500 +0.531250 +0.477169
+0.468750 +0.531250 +0.485934
+0.500000 +0.531250 +0.494580
+0.531250 +0.531250 +0.503036
+0.562500 +0.531250 +0.511231
+0.593750 +0.531250 +0.519095
+0.625000 +0.531250 +0.526556
+0.656250 +0.531250 +0.533547
+0.687500 +0.531250 +0.540000
+0.718750 +0.531250 +0.545851
+0.750000 +0.531250 +0.551039
+0.781250 +0.531250 +0.555510
+0.812500 +0.531250 +0.559211
+0.843750 +0.531250 +0.562099
+0.875000 +0.531250 +0.564133
+0.906250 +0.531250 +0.565285
+0.937500 +0.531250 +0.565530
+0.968750 +0.531250 +0.564853
+1.000000 +0.531250 +0.563250
+1.031250 +0.531250 +0.560722
+1.062500 +0.531250 +0.557283
+1.093750 +0.531250 +0.552954
+1.125000 +0.531250 +0.547766
+1.156250 +0.531250 +0.541759
+1.187500 +0.531250 +0.534982
+1.218750 +0.531250 +0.527492
+1.250000 +0.531250 +0.519356
+1.281250 +0.531250 +0.510645
+1.312500 +0.531250 +0.501439
+1.343750 +0.531250 +0.491827
+1.375000 +0.531250 +0.481899
+1.406250 +0.531250 +0.471753
+1.437500 +0.531250 +0.461492
+1.468750 +0.531250 +0.451222
+1.500000 +0.531250 +0.441052
+1.531250 +0.531250 +0.431093
+1.562500 +0.531250 +0.421457
+1.593750 +0.531250 +0.412258
+1.625000 +0.531250 +0.403608
+1.656250 +0.531250 +0.395617
+1.687500 +0.531250 +0.388394
+1.718750 +0.531250 +0.382043
+1.750000 +0.531250 +0.376663
+1.781250 +0.531250 +0.372348
+1.812500 +0.531250 +0.369186
+1.843750 +0.531250 +0.367257
+1.875000 +0.531250 +0.366636
+1.906250 +0.531250 +0.367392
+1.937500 +0.531250 +0.369589
+1.968750 +0.531250 +0.373289
+2.000000 +0.531250 +0.378555
+0.000000 +0.562500 +0.345499
+0.031250 +0.562500 +0.350626
+0.062500 +0.562500 +0.356096
+0.093750 +0.562500 +0.361945
+0.125000 +0.562500 +0.368192
+0.156250 +0.562500 +0.374835
+0.187500 +0.562500 +0.381864
+0.218750 +0.562500 +0.389256
+0.250000 +0.562500 +0.396977
+0.281250 +0.562500 +0.404987
+0.312500 +0.562500 +0.413242
+0.343750 +0.562500 +0.421687
+0.375000 +0.562500 +0.430267
+0.406250 +0.562500 +0.438922
+0.437500 +0.562500 +0.447588
+0.468750 +0.562500 +0.456199
+0.500000 +0.562500 +0.464688
+0.531250 +0.562500 +0.472986
+0.562500 +0.562500 +0.481023
+0.593750 +0.562500 +0.488732
+0.625000 +0.562500 +0.496043
+0.656250 +0.562500 +0.502890
+0.687500 +0.562500 +0.509208
+0.718750 +0.562500 +0.514936
+0.750000 +0.562500 +0.520015
+0.781250 +0.562500 +0.524390
+0.812500 +0.562500 +0.528015
+0.843750 +0.562500 +0.530844
+0.875000 +0.562500 +0.532842
+0.906250 +0.562500 +0.533977
+0.937500 +0.562500 +0.534229
+0.968750 +0.562500 +0.533583
+1.000000 +0.562500 +0.532032
+1.031250 +0.562500 +0.529580
+1.062500 +0.562500 +0.526237
+1.093750 +0.562500 +0.522025
+1.125000 +0.562500 +0.516972
+1.156250 +0.562500 +0.511117
+1.187500 +0.562500 +0.504505
+1.218750 +0.562500 +0.497192
+1.250000 +0.562500 +0.489241
+1.281250 +0.562500 +0.480722
+1.312500 +0.562500 +0.471713
+1.343750 +0.562500 +0.462296
+1.375000 +0.562500 +0.452563
+1.406250 +0.562500 +0.442608
+1.437500 +0.562500 +0.432532
+1.468750 +0.562500 +0.422438
+1.500000 +0.562500 +0.412434
+1.531250 +0.562500 +0.402631
+1.562500 +0.562500 +0.393140
+1.593750 +0.562500 +0.384073
+1.625000 +0.562500 +0.375541
+1.656250 +0.562500 +0.367657
+1.687500 +0.562500 +0.360527
+1.718750 +0.562500 +0.354254
+1.750000 +0.562500 +0.348940
+1.781250 +0.562500 +0.344676
+1.812500 +0.562500 +0.341549
+1.843750 +0.562500 +0.339639
+1.875000 +0.562500 +0.339016
+1.906250 +0.562500 +0.339747
+1.937500 +0.562500 +0.341890
+1.968750 +0.562500 +0.345499
+2.000000 +0.562500 +0.350626
+0.000000 +0.593750 +0.318562
+0.031250 +0.593750 +0.323495
+0.062500 +0.593750 +0.328781
+0.093750 +0.593750 +0.334450
+0.125000 +0.593750 +0.340515
+0.156250 +0.593750 +0.346975
+0.187500 +0.593750 +0.353814
+0.218750 +0.593750 +0.361009
+0.250000 +0.593750 +0.368526
+0.281250 +0.593750 +0.376325
+0.312500 +0.593750 +0.384359
+0.343750 +0.593750 +0.392577
+0.375000 +0.593750 +0.400924
+0.406250 +0.593750 +0.409338
+0.437500 +0.593750 +0.417760
+0.468750 +0.593750 +0.426123
+0.500000 +0.593750 +0.434364
+0.531250 +0.593750 +0.442415
+0.562500 +0.593750 +0.450210
+0.593750 +0.593750 +0.457682
+0.625000 +0.593750 +0.464765
+0.656250 +0.593750 +0.471396
+0.687500 +0.593750 +0.477513
+0.718750 +0.593750 +0.483057
+0.750000 +0.593750 +0.487972
+0.781250 +0.593750 +0.492208
+0.812500 +0.593750 +0.495717
+0.843750 +0.593750 +0.498458
+0.875000 +0.593750 +0.500397
+0.906250 +0.593750 +0.501506
+0.937500 +0.593750 +0.501761
+0.968750 +0.593750 +0.501151
+1.000000 +0.593750 +0.499668
+1.031250 +0.593750 +0.497316
+1.062500 +0.593750 +0.494104
+1.093750 +0.593750 +0.490051
+1.125000 +0.593750 +0.485185
+1.156250 +0.593750 +0.479541
+1.187500 +0.593750 +0.473163
+1.218750 +0.593750 +0.466104
+1.250000 +0.593750 +0.458422
+1.281250 +0.593750 +0.450185
+1.312500 +0.593750 +0.441466
+1.343750 +0.593750 +0.432345
+1.375000 +0.593750 +0.422911
+1.406250 +0.593750 +0.413253
+1.437500 +0.593750 +0.403470
+1.468750 +0.593750 +0.393662
+1.500000 +0.593750 +0.383934
+1.531250 +0.593750 +0.374393
+1.562500 +0.593750 +0.365150
+1.593750 +0.593750 +0.356314
+1.625000 +0.593750 +0.347996
+1.656250 +0.593750 +0.340304
+1.687500 +0.593750 +0.333345
+1.718750 +0.593750 +0.327221
+1.750000 +0.593750 +0.322031
+1.781250 +0.593750 +0.317865
+1.812500 +0.593750 +0.314808
+1.843750 +0.593750 +0.312937
+1.875000 +0.593750 +0.312320
+1.906250 +0.593750 +0.313018
+1.937500 +0.593750 +0.315083
+1.968750 +0.593750 +0.318562
+2.000000 +0.593750 +0.323495
+0.000000 +0.625000 +0.292364
+0.031250 +0.625000 +0.297054
+0.062500 +0.625000 +0.302101
+0.093750 +0.625000 +0.307530
+0.125000 +0.625000 +0.313350
+0.156250 +0.625000 +0.319556
+0.187500 +0.625000 +0.326133
+0.218750 +0.625000 +0.333054
+0.250000 +0.625000 +0.340286
+0.281250 +0.625000 +0.347789
+0.312500 +0.625000 +0.355518
+0.343750 +0.625000 +0.363420
+0.375000 +0.625000 +0.371443
+0.406250 +0.625000 +0.379527
+0.437500 +0.625000 +0.387615
+0.468750 +0.625000 +0.395643
+0.500000 +0.625000 +0.403549
+0.531250 +0.625000 +0.411268
+0.562500 +0.625000 +0.418739
+0.593750 +0.625000 +0.425896
+0.625000 +0.625000 +0.432678
+0.656250 +0.625000 +0.439025
+0.687500 +0.625000 +0.444878
+0.718750 +0.625000 +0.450181
+0.750000 +0.625000 +0.454883
+0.781250 +0.625000 +0.458935
+0.812500 +0.625000 +0.462292
+0.843750 +0.625000 +0.464918
+0.875000 +0.625000 +0.466778
+0.906250 +0.625000 +0.467847
+0.937500 +0.625000 +0.468103
+0.968750 +0.625000 +0.467533
+1.000000 +0.625000 +0.466132
+1.031250 +0.625000 +0.463902
+1.062500 +0.625000 +0.460851
+1.093750 +0.625000 +0.456997
+1.125000 +0.625000 +0.452365
+1.156250 +0.625000 +0.446989
+1.187500 +0.625000 +0.440909
+1.218750 +0.625000 +0.434173
+1.250000 +0.625000 +0.426838
+1.281250 +0.625000 +0.418967
+1.312500 +0.625000 +0.410628
+1.343750 +0.625000 +0.401899
+1.375000 +0.625000 +0.392861
+1.406250 +0.625000 +0.383603
+1.437500 +0.625000 +0.374216
+1.468750 +0.625000 +0.364799
+1.500000 +0.625000 +0.355451
+1.531250 +0.625000 +0.346277
+1.562500 +0.625000 +0.337383
+1.593750 +0.625000 +0.328875
+1.625000 +0.625000 +0.320861
+1.656250 +0.625000 +0.313446
+1.687500 +0.625000 +0.306735
+1.718750 +0.625000 +0.300828
+1.750000 +0.625000 +0.295818
+1.781250 +0.625000 +0.291796
+1.812500 +0.625000 +0.288843
+1.843750 +0.625000 +0.287032
+1.875000 +0.625000 +0.286428
+1.906250 +0.625000 +0.287085
+1.937500 +0.625000 +0.289051
+1.968750 +0.625000 +0.292364
+2.000000 +0.625000 +0.297054
+0.000000 +0.656250 +0.266790
+0.031250 +0.656250 +0.271191
+0.062500 +0.656250 +0.275949
+0.093750 +0.656250 +0.281083
+0.125000 +0.656250 +0.286598
+0.156250 +0.656250 +0.292487
+0.187500 +0.656250 +0.298731
+0.218750 +0.656250 +0.305305
+0.250000 +0.656250 +0.312176
+0.281250 +0.656250 +0.319303
+0.312500 +0.656250 +0.326643
+0.343750 +0.656250 +0.334147
+0.375000 +0.656250 +0.341761
+0.406250 +0.656250 +0.349431
+0.437500 +0.656250 +0.357100
+0.468750 +0.656250 +0.364709
+0.500000 +0.656250 +0.372199
+0.531250 +0.656250 +0.379508
+0.562500 +0.656250 +0.386578
+0.593750 +0.656250 +0.393349
+0.625000 +0.656250 +0.399762
+0.656250 +0.656250 +0.405761
+0.687500 +0.656250 +0.411292
+0.718750 +0.656250 +0.416302
+0.750000 +0.656250 +0.420743
+0.781250 +0.656250 +0.424571
+0.812500 +0.656250 +0.427744
+0.843750 +0.656250 +0.430227
+0.875000 +0.656250 +0.431989
+0.906250 +0.656250 +0.433006
+0.937500 +0.656250 +0.433258
+0.968750 +0.656250 +0.432734
+1.000000 +0.656250 +0.431426
+1.031250 +0.656250 +0.429337
+1.062500 +0.656250 +0.426475
+1.093750 +0.656250 +0.422856
+1.125000 +0.656250 +0.418502
+1.156250 +0.656250 +0.413443
+1.187500 +0.656250 +0.407719
+1.218750 +0.656250 +0.401372
+1.250000 +0.656250 +0.394455
+1.281250 +0.656250 +0.387027
+1.312500 +0.656250 +0.379152
+1.343750 +0.656250 +0.370902
+1.375000 +0.656250 +0.362353
+1.406250 +0.656250 +0.353589
+1.437500 +0.656250 +0.344697
+1.468750 +0.656250 +0.335768
+1.500000 +0.656250 +0.326900
+1.531250 +0.656250 +0.318190
+1.562500 +0.656250 +0.309740
+1.593750 +0.656250 +0.301652
+1.625000 +0.656250 +0.294030
+1.656250 +0.656250 +0.286974
+1.687500 +0.656250 +0.280585
+1.718750 +0.656250 +0.274958
+1.750000 +0.656250 +0.270186
+1.781250 +0.656250 +0.266352
+1.812500 +0.656250 +0.263535
+1.843750 +0.656250 +0.261804
+1.875000 +0.656250 +0.261219
+1.906250 +0.656250 +0.261830
+1.937500 +0.656250 +0.263677
+1.968750 +0.656250 +0.266790
+2.000000 +0.656250 +0.271191
+0.000000 +0.687500 +0.241730
+0.031250 +0.687500 +0.245802
+0.062500 +0.687500 +0.250225
+0.093750 +0.687500 +0.255013
+0.125000 +0.687500 +0.260167
+0.156250 +0.687500 +0.265678
+0.187500 +0.687500 +0.271525
+0.218750 +0.687500 +0.277685
+0.250000 +0.687500 +0.284122
+0.281250 +0.687500 +0.290800
+0.312500 +0.687500 +0.297676
+0.343750 +0.687500 +0.304703
+0.375000 +0.687500 +0.311831
+0.406250 +0.687500 +0.319008
+0.437500 +0.687500 +0.326182
+0.468750 +0.687500 +0.333295
+0.500000 +0.687500 +0.340294
+0.531250 +0.687500 +0.347121
+0.562500 +0.687500 +0.353721
+0.593750 +0.687500 +0.360039
+0.625000 +0.687500 +0.366021
+0.656250 +0.687500 +0.371615
+0.687500 +0.687500 +0.376770
+0.718750 +0.687500 +0.381439
+0.750000 +0.687500 +0.385578
+0.781250 +0.687500 +0.389145
+0.812500 +0.687500 +0.392104
+0.843750 +0.687500 +0.394420
+0.875000 +0.687500 +0.396067
+0.906250 +0.687500 +0.397022
+0.937500 +0.687500 +0.397266
+0.968750 +0.687500 +0.396789
+1.000000 +0.687500 +0.395584
+1.031250 +0.687500 +0.393654
+1.062500 +0.687500 +0.391004
+1.093750 +0.687500 +0.387650
+1.125000 +0.687500 +0.383612
+1.156250 +0.687500 +0.378916
+1.187500 +0.687500 +0.373599
+1.218750 +0.687500 +0.367699
+1.250000 +0.687500 +0.361264
+1.281250 +0.687500 +0.354349
+1.312500 +0.687500 +0.347013
+1.343750 +0.687500 +0.339321
+1.375000 +0.687500 +0.331345
+1.406250 +0.687500 +0.323162
+1.437500 +0.687500 +0.314853
+1.468750 +0.687500 +0.306505
+1.500000 +0.687500 +0.298207
+1.531250 +0.687500 +0.290052
+1.562500 +0.687500 +0.282135
+1.593750 +0.687500 +0.274554
+1.625000 +0.687500 +0.267405
+1.656250 +0.687500 +0.260784
+1.687500 +0.687500 +0.254786
+1.718750 +0.687500 +0.249503
+1.750000 +0.687500 +0.245019
+1.781250 +0.687500 +0.241416
+1.812500 +0.687500 +0.238767
+1.843750 +0.687500 +0.237135
+1.875000 +0.687500 +0.236576
+1.906250 +0.687500 +0.237135
+1.937500 +0.687500 +0.238845
+1.968750 +0.687500 +0.241730
+2.000000 +0.687500 +0.245802
+0.000000 +0.718750 +0.217075
+0.031250 +0.718750 +0.220783
+0.062500 +0.718750 +0.224831
+0.093750 +0.718750 +0.229229
+0.125000 +0.718750 +0.233973
+0.156250 +0.718750 +0.239050
+0.187500 +0.718750 +0.244443
+0.218750 +0.718750 +0.250126
+0.250000 +0.718750 +0.256066
+0.281250 +0.718750 +0.262227
+0.312500 +0.718750 +0.268570
+0.343750 +0.718750 +0.275050
+0.375000 +0.718750 +0.281622
+0.406250 +0.718750 +0.288236
+0.437500 +0.718750 +0.294844
+0.468750 +0.718750 +0.301394
+0.500000 +0.718750 +0.307835
+0.531250 +0.718750 +0.314115
+0.562500 +0.718750 +0.320184
+0.593750 +0.718750 +0.325991
+0.625000 +0.718750 +0.331487
+0.656250 +0.718750 +0.336625
+0.687500 +0.718750 +0.341359
+0.718750 +0.718750 +0.345646
+0.750000 +0.718750 +0.349445
+0.781250 +0.718750 +0.352720
+0.812500 +0.718750 +0.355436
+0.843750 +0.718750 +0.357565
+0.875000 +0.718750 +0.359081
+0.906250 +0.718750 +0.359963
+0.937500 +0.718750 +0.360195
+0.968750 +0.718750 +0.359767
+1.000000 +0.718750 +0.358674
+1.031250 +0.718750 +0.356915
+1.062500 +0.718750 +0.354499
+1.093750 +0.718750 +0.351436
+1.125000 +0.718750 +0.347745
+1.156250 +0.718750 +0.343451
+1.187500 +0.718750 +0.338584
+1.218750 +0.718750 +0.333181
+1.250000 +0.718750 +0.327285
+1.281250 +0.718750 +0.320944
+1.312500 +0.718750 +0.314211
+1.343750 +0.718750 +0.307148
+1.375000 +0.718750 +0.299819
+1.406250 +0.718750 +0.292295
+1.437500 +0.718750 +0.284650
+1.468750 +0.718750 +0.276964
+1.500000 +0.718750 +0.269318
+1.531250 +0.718750 +0.261800
+1.562500 +0.718750 +0.254498
+1.593750 +0.718750 +0.247501
+1.625000 +0.718750 +0.240900
+1.656250 +0.718750 +0.234784
+1.687500 +0.718750 +0.229241
+1.718750 +0.718750 +0.224357
+1.750000 +0.718750 +0.220211
+1.781250 +0.718750 +0.216877
+1.812500 +0.718750 +0.214424
+1.843750 +0.718750 +0.212910
+1.875000 +0.718750 +0.212385
+1.906250 +0.718750 +0.212887
+1.937500 +0.718750 +0.214445
+1.968750 +0.718750 +0.217075
+2.000000 +0.718750 +0.220783
+0.000000 +0.750000 +0.192726
+0.031250 +0.750000 +0.196040
+0.062500 +0.750000 +0.199680
+0.093750 +0.750000 +0.203648
+0.125000 +0.750000 +0.207938
+0.156250 +0.750000 +0.212536
+0.187500 +0.750000 +0.217423
+0.218750 +0.750000 +0.222574
+0.250000 +0.750000 +0.227960
+0.281250 +0.750000 +0.233546
+0.312500 +0.750000 +0.239296
+0.343750 +0.750000 +0.245169
+0.375000 +0.750000 +0.251123
+0.406250 +0.750000 +0.257113
+0.437500 +0.750000 +0.263095
+0.468750 +0.750000 +0.269022
+0.500000 +0.750000 +0.274848
+0.531250 +0.750000 +0.280526
+0.562500 +0.750000 +0.286011
+0.593750 +0.750000 +0.291258
+0.625000 +0.750000 +0.296221
+0.656250 +0.750000 +0.300860
+0.687500 +0.750000 +0.305132
+0.718750 +0.750000 +0.309001
+0.750000 +0.750000 +0.312429
+0.781250 +0.750000 +0.315384
+0.812500 +0.750000 +0.317836
+0.843750 +0.750000 +0.319759
+0.875000 +0.750000 +0.321130
+0.906250 +0.750000 +0.321930
+0.937500 +0.750000 +0.322147
+0.968750 +0.750000 +0.321769
+1.000000 +0.750000 +0.320792
+1.031250 +0.750000 +0.319217
+1.062500 +0.750000 +0.317049
+1.093750 +0.750000 +0.314299
+1.125000 +0.750000 +0.310982
+1.156250 +0.750000 +0.307121
+1.187500 +0.750000 +0.302742
+1.218750 +0.750000 +0.297878
+1.250000 +0.750000 +0.292566
+1.281250 +0.750000 +0.286850
+1.312500 +0.750000 +0.280778
+1.343750 +0.750000 +0.274403
+1.375000 +0.750000 +0.267784
+1.406250 +0.750000 +0.260985
+1.437500 +0.750000 +0.254073
+1.468750 +0.750000 +0.247119
+1.500000 +0.750000 +0.240198
+1.531250 +0.750000 +0.233389
+1.562500 +0.750000 +0.226772
+1.593750 +0.750000 +0.220428
+1.625000 +0.750000 +0.214441
+1.656250 +0.750000 +0.208891
+1.687500 +0.750000 +0.203860
+1.718750 +0.750000 +0.199425
+1.750000 +0.750000 +0.195659
+1.781250 +0.750000 +0.192630
+1.812500 +0.750000 +0.190399
+1.843750 +0.750000 +0.189019
+1.875000 +0.750000 +0.188534
+1.906250 +0.750000 +0.188977
+1.937500 +0.750000 +0.190371
+1.968750 +0.750000 +0.192726
+2.000000 +0.750000 +0.196040
+0.000000 +0.781250 +0.168588
+0.031250 +0.781250 +0.171487
+0.062500 +0.781250 +0.174692
+0.093750 +0.781250 +0.178199
+0.125000 +0.781250 +0.181999
+0.156250 +0.781250 +0.186077
+0.187500 +0.781250 +0.190416
+0.218750 +0.781250 +0.194990
+0.250000 +0.781250 +0.199774
+0.281250 +0.781250 +0.204735
+0.312500 +0.781250 +0.209841
+0.343750 +0.781250 +0.215056
+0.375000 +0.781250 +0.220340
+0.406250 +0.781250 +0.225655
+0.437500 +0.781250 +0.230961
+0.468750 +0.781250 +0.236216
+0.500000 +0.781250 +0.241380
+0.531250 +0.781250 +0.246411
+0.562500 +0.781250 +0.251268
+0.593750 +0.781250 +0.255913
+0.625000 +0.781250 +0.260306
+0.656250 +0.781250 +0.264410
+0.687500 +0.781250 +0.268189
+0.718750 +0.781250 +0.271611
+0.750000 +0.781250 +0.274643
+0.781250 +0.781250 +0.277256
+0.812500 +0.781250 +0.279425
+0.843750 +0.781250 +0.281127
+0.875000 +0.781250 +0.282342
+0.906250 +0.781250 +0.283053
+0.937500 +0.781250 +0.283250
+0.968750 +0.781250 +0.282922
+1.000000 +0.781250 +0.282066
+1.031250 +0.781250 +0.280682
+1.062500 +0.781250 +0.278775
+1.093750 +0.781250 +0.276354
+1.125000 +0.781250 +0.273432
+1.156250 +0.781250 +0.270028
+1.187500 +0.781250 +0.266165
+1.218750 +0.781250 +0.261873
+1.250000 +0.781250 +0.257183
+1.281250 +0.781250 +0.252133
+1.312500 +0.781250 +0.246765
+1.343750 +0.781250 +0.241128
+1.375000 +0.781250 +0.235271
+1.406250 +0.781250 +0.229252
+1.437500 +0.781250 +0.223129
+1.468750 +0.781250 +0.216966
+1.500000 +0.781250 +0.210829
+1.531250 +0.781250 +0.204789
+1.562500 +0.781250 +0.198916
+1.593750 +0.781250 +0.193284
+1.625000 +0.781250 +0.187966
+1.656250 +0.781250 +0.183035
+1.687500 +0.781250 +0.178564
+1.718750 +0.781250 +0.174621
+1.750000 +0.781250 +0.171273
+1.781250 +0.781250 +0.168578
+1.812500 +0.781250 +0.166592
+1.843750 +0.781250 +0.165360
+1.875000 +0.781250 +0.164922
+1.906250 +0.781250 +0.165304
+1.937500 +0.781250 +0.166524
+1.968750 +0.781250 +0.168588
+2.000000 +0.781250 +0.171487
+0.000000 +0.812500 +0.144577
+0.031250 +0.812500 +0.147047
+0.062500 +0.812500 +0.149797
+0.093750 +0.812500 +0.152819
+0.125000 +0.812500 +0.156101
+0.156250 +0.812500 +0.159628
+0.187500 +0.812500 +0.163384
+0.218750 +0.812500 +0.167345
+0.250000 +0.812500 +0.171489
+0.281250 +0.812500 +0.175786
+0.312500 +0.812500 +0.180208
+0.343750 +0.812500 +0.184723
+0.375000 +0.812500 +0.189297
+0.406250 +0.812500 +0.193897
+0.437500 +0.812500 +0.198487
+0.468750 +0.812500 +0.203032
+0.500000 +0.812500 +0.207496
+0.531250 +0.812500 +0.211844
+0.562500 +0.812500 +0.216041
+0.593750 +0.812500 +0.220053
+0.625000 +0.812500 +0.223846
+0.656250 +0.812500 +0.227389
+0.687500 +0.812500 +0.230651
+0.718750 +0.812500 +0.233603
+0.750000 +0.812500 +0.236219
+0.781250 +0.812500 +0.238474
+0.812500 +0.812500 +0.240346
+0.843750 +0.812500 +0.241816
+0.875000 +0.812500 +0.242866
+0.906250 +0.812500 +0.243482
+0.937500 +0.812500 +0.243655
+0.968750 +0.812500 +0.243377
+1.000000 +0.812500 +0.242644
+1.031250 +0.812500 +0.241457
+1.062500 +0.812500 +0.239819
+1.093750 +0.812500 +0.237738
+1.125000 +0.812500 +0.235225
+1.156250 +0.812500 +0.232296
+1.187500 +0.812500 +0.228971
+1.218750 +0.812500 +0.225274
+1.250000 +0.812500 +0.221233
+1.281250 +0.812500 +0.216880
+1.312500 +0.812500 +0.212251
+1.343750 +0.812500 +0.207387
+1.375000 +0.812500 +0.202333
+1.406250 +0.812500 +0.197134
+1.437500 +0.812500 +0.191845
+1.468750 +0.812500 +0.186518
+1.500000 +0.812500 +0.181213
+1.531250 +0.812500 +0.175988
+1.562500 +0.812500 +0.170907
+1.593750 +0.812500 +0.166033
+1.625000 +0.812500 +0.161429
+1.656250 +0.812500 +0.157159
+1.687500 +0.812500 +0.153287
+1.718750 +0.812500 +0.149871
+1.750000 +0.812500 +0.146969
+1.781250 +0.812500 +0.144633
+1.812500 +0.812500 +0.142910
+1.843750 +0.812500 +0.141839
+1.875000 +0.812500 +0.141453
+1.906250 +0.812500 +0.141774
+1.937500 +0.812500 +0.142815
+1.968750 +0.812500 +0.144577
+2.000000 +0.812500 +0.147047
+0.000000 +0.843750 +0.120619
+0.031250 +0.843750 +0.122652
+0.062500 +0.843750 +0.124936
+0.093750 +0.843750 +0.127456
+0.125000 +0.843750 +0.130200
+0.156250 +0.843750 +0.133155
+0.187500 +0.843750 +0.136302
+0.218750 +0.843750 +0.139624
+0.250000 +0.843750 +0.143099
+0.281250 +0.843750 +0.146703
+0.312500 +0.843750 +0.150411
+0.343750 +0.843750 +0.154196
+0.375000 +0.843750 +0.158031
+0.406250 +0.843750 +0.161886
+0.437500 +0.843750 +0.165732
+0.468750 +0.843750 +0.169538
+0.500000 +0.843750 +0.173277
+0.531250 +0.843750 +0.176917
+0.562500 +0.843750 +0.180429
+0.593750 +0.843750 +0.183786
+0.625000 +0.843750 +0.186959
+0.656250 +0.843750 +0.189922
+0.687500 +0.843750 +0.192649
+0.718750 +0.843750 +0.195118
+0.750000 +0.843750 +0.197305
+0.781250 +0.843750 +0.199190
+0.812500 +0.843750 +0.200755
+0.843750 +0.843750 +0.201984
+0.875000 +0.843750 +0.202863
+0.906250 +0.843750 +0.203380
+0.937500 +0.843750 +0.203527
+0.968750 +0.843750 +0.203298
+1.000000 +0.843750 +0.202690
+1.031250 +0.843750 +0.201702
+1.062500 +0.843750 +0.200337
+1.093750 +0.843750 +0.198603
+1.125000 +0.843750 +0.196508
+1.156250 +0.843750 +0.194065
+1.187500 +0.843750 +0.191291
+1.218750 +0.843750 +0.188205
+1.250000 +0.843750 +0.184831
+1.281250 +0.843750 +0.181196
+1.312500 +0.843750 +0.177329
+1.343750 +0.843750 +0.173264
+1.375000 +0.843750 +0.169038
+1.406250 +0.843750 +0.164691
+1.437500 +0.843750 +0.160265
+1.468750 +0.843750 +0.155808
+1.500000 +0.843750 +0.151367
+1.531250 +0.843750 +0.146993
+1.562500 +0.843750 +0.142737
+1.593750 +0.843750 +0.138654
+1.625000 +0.843750 +0.134797
+1.656250 +0.843750 +0.131219
+1.687500 +0.843750 +0.127973
+1.718750 +0.843750 +0.125110
+1.750000 +0.843750 +0.122677
+1.781250 +0.843750 +0.120718
+1.812500 +0.843750 +0.119272
+1.843750 +0.843750 +0.118372
+1.875000 +0.843750 +0.118043
+1.906250 +0.843750 +0.118305
+1.937500 +0.843750 +0.119164
+1.968750 +0.843750 +0.120619
+2.000000 +0.843750 +0.122652
+0.000000 +0.875000 +0.096649
+0.031250 +0.875000 +0.098249
+0.062500 +0.875000 +0.100061
+0.093750 +0.875000 +0.102072
+0.125000 +0.875000 +0.104267
+0.156250 +0.875000 +0.106634
+0.187500 +0.875000 +0.109157
+0.218750 +0.875000 +0.111822
+0.250000 +0.875000 +0.114609
+0.281250 +0.875000 +0.117501
+0.312500 +0.875000 +0.120475
+0.343750 +0.875000 +0.123512
+0.375000 +0.875000 +0.126587
+0.406250 +0.875000 +0.129678
+0.437500 +0.875000 +0.132761
+0.468750 +0.875000 +0.135813
+0.500000 +0.875000 +0.138808
+0.531250 +0.875000 +0.141725
+0.562500 +0.875000 +0.144538
+0.593750 +0.875000 +0.147226
+0.625000 +0.875000 +0.149767
+0.656250 +0.875000 +0.152139
+0.687500 +0.875000 +0.154322
+0.718750 +0.875000 +0.156298
+0.750000 +0.875000 +0.158048
+0.781250 +0.875000 +0.159557
+0.812500 +0.875000 +0.160810
+0.843750 +0.875000 +0.161794
+0.875000 +0.875000 +0.162498
+0.906250 +0.875000 +0.162913
+0.937500 +0.875000 +0.163032
+0.968750 +0.875000 +0.162850
+1.000000 +0.875000 +0.162366
+1.031250 +0.875000 +0.161578
+1.062500 +0.875000 +0.160489
+1.093750 +0.875000 +0.159104
+1.125000 +0.875000 +0.157431
+1.156250 +0.875000 +0.155480
+1.187500 +0.875000 +0.153264
+1.218750 +0.875000 +0.150798
+1.250000 +0.875000 +0.148101
+1.281250 +0.875000 +0.145194
+1.312500 +0.875000 +0.142101
+1.343750 +0.875000 +0.138849
+1.375000 +0.875000 +0.135468
+1.406250 +0.875000 +0.131989
+1.437500 +0.875000 +0.128447
+1.468750 +0.875000 +0.124878
+1.500000 +0.875000 +0.121322
+1.531250 +0.875000 +0.117819
+1.562500 +0.875000 +0.114410
+1.593750 +0.875000 +0.111139
+1.625000 +0.875000 +0.108049
+1.656250 +0.875000 +0.105183
+1.687500 +0.875000 +0.102582
+1.718750 +0.875000 +0.100288
+1.750000 +0.875000 +0.098339
+1.781250 +0.875000 +0.096769
+1.812500 +0.875000 +0.095609
+1.843750 +0.875000 +0.094886
+1.875000 +0.875000 +0.094620
+1.906250 +0.875000 +0.094823
+1.937500 +0.875000 +0.095501
+1.968750 +0.875000 +0.096649
+2.000000 +0.875000 +0.098249
+0.000000 +0.906250 +0.072621
+0.031250 +0.906250 +0.073794
+0.062500 +0.906250 +0.075139
+0.093750 +0.906250 +0.076639
+0.125000 +0.906250 +0.078281
+0.156250 +0.906250 +0.080054
+0.187500 +0.906250 +0.081945
+0.218750 +0.906250 +0.083943
+0.250000 +0.906250 +0.086034
+0.281250 +0.906250 +0.088202
+0.312500 +0.906250 +0.090434
+0.343750 +0.906250 +0.092711
+0.375000 +0.906250 +0.095017
+0.406250 +0.906250 +0.097335
+0.437500 +0.906250 +0.099646
+0.468750 +0.906250 +0.101934
+0.500000 +0.906250 +0.104179
+0.531250 +0.906250 +0.106364
+0.562500 +0.906250 +0.108472
+0.593750 +0.906250 +0.110486
+0.625000 +0.906250 +0.112389
+0.656250 +0.906250 +0.114166
+0.687500 +0.906250 +0.115801
+0.718750 +0.906250 +0.117280
+0.750000 +0.906250 +0.118591
+0.781250 +0.906250 +0.119721
+0.812500 +0.906250 +0.120659
+0.843750 +0.906250 +0.121396
+0.875000 +0.906250 +0.121923
+0.906250 +0.906250 +0.122234
+0.937500 +0.906250 +0.122324
+0.968750 +0.906250 +0.122189
+1.000000 +0.906250 +0.121827
+1.031250 +0.906250 +0.121239
+1.062500 +0.906250 +0.120425
+1.093750 +0.906250 +0.119390
+1.125000 +0.906250 +0.118139
+1.156250 +0.906250 +0.116680
+1.187500 +0.906250 +0.115022
+1.218750 +0.906250 +0.113178
+1.250000 +0.906250 +0.111160
+1.281250 +0.906250 +0.108985
+1.312500 +0.906250 +0.106671
+1.343750 +0.906250 +0.104238
+1.375000 +0.906250 +0.101707
+1.406250 +0.906250 +0.099103
+1.437500 +0.906250 +0.096452
+1.468750 +0.906250 +0.093780
+1.500000 +0.906250 +0.091118
+1.531250 +0.906250 +0.088495
+1.562500 +0.906250 +0.085943
+1.593750 +0.906250 +0.083495
+1.625000 +0.906250 +0.081181
+1.656250 +0.906250 +0.079035
+1.687500 +0.906250 +0.077088
+1.718750 +0.906250 +0.075371
+1.750000 +0.906250 +0.073912
+1.781250 +0.906250 +0.072737
+1.812500 +0.906250 +0.071868
+1.843750 +0.906250 +0.071326
+1.875000 +0.906250 +0.071124
+1.906250 +0.906250 +0.071273
+1.937500 +0.906250 +0.071774
+1.968750 +0.906250 +0.072621
+2.000000 +0.906250 +0.073794
+0.000000 +0.937500 +0.048502
+0.031250 +0.937500 +0.049266
+0.062500 +0.937500 +0.050152
+0.093750 +0.937500 +0.051145
+0.125000 +0.937500 +0.052235
+0.156250 +0.937500 +0.053413
+0.187500 +0.937500 +0.054671
+0.218750 +0.937500 +0.056001
+0.250000 +0.937500 +0.057392
+0.281250 +0.937500 +0.058835
+0.312500 +0.937500 +0.060320
+0.343750 +0.937500 +0.061836
+0.375000 +0.937500 +0.063370
+0.406250 +0.937500 +0.064912
+0.437500 +0.937500 +0.066450
+0.468750 +0.937500 +0.067972
+0.500000 +0.937500 +0.069465
+0.531250 +0.937500 +0.070919
+0.562500 +0.937500 +0.072321
+0.593750 +0.937500 +0.073661
+0.625000 +0.937500 +0.074926
+0.656250 +0.937500 +0.076108
+0.687500 +0.937500 +0.077195
+0.718750 +0.937500 +0.078179
+0.750000 +0.937500 +0.079050
+0.781250 +0.937500 +0.079801
+0.812500 +0.937500 +0.080425
+0.843750 +0.937500 +0.080915
+0.875000 +0.937500 +0.081266
+0.906250 +0.937500 +0.081473
+0.937500 +0.937500 +0.081533
+0.968750 +0.937500 +0.081443
+1.000000 +0.937500 +0.081203
+1.031250 +0.937500 +0.080812
+1.062500 +0.937500 +0.080272
+1.093750 +0.937500 +0.079584
+1.125000 +0.937500 +0.078753
+1.156250 +0.937500 +0.077784
+1.187500 +0.937500 +0.076683
+1.218750 +0.937500 +0.075457
+1.250000 +0.937500 +0.074117
+1.281250 +0.937500 +0.072672
+1.312500 +0.937500 +0.071134
+1.343750 +0.937500 +0.069518
+1.375000 +0.937500 +0.067836
+1.406250 +0.937500 +0.066106
+1.437500 +0.937500 +0.064344
+1.468750 +0.937500 +0.062569
+1.500000 +0.937500 +0.060801
+1.531250 +0.937500 +0.059058
+1.562500 +0.937500 +0.057363
+1.593750 +0.937500 +0.055736
+1.625000 +0.937500 +0.054200
+1.656250 +0.937500 +0.052775
+1.687500 +0.937500 +0.051482
+1.718750 +0.937500 +0.050342
+1.750000 +0.937500 +0.049373
+1.781250 +0.937500 +0.048593
+1.812500 +0.937500 +0.048017
+1.843750 +0.937500 +0.047656
+1.875000 +0.937500 +0.047521
+1.906250 +0.937500 +0.047618
+1.937500 +0.937500 +0.047947
+1.968750 +0.937500 +0.048502
+2.000000 +0.937500 +0.049266
+0.000000 +0.968750 +0.024286
+0.031250 +0.968750 +0.024660
+0.062500 +0.968750 +0.025098
+0.093750 +0.968750 +0.025592
+0.125000 +0.968750 +0.026135
+0.156250 +0.968750 +0.026722
+0.187500 +0.968750 +0.027349
+0.218750 +0.968750 +0.028012
+0.250000 +0.968750 +0.028706
+0.281250 +0.968750 +0.029426
+0.312500 +0.968750 +0.030167
+0.343750 +0.968750 +0.030923
+0.375000 +0.968750 +0.031688
+0.406250 +0.968750 +0.032458
+0.437500 +0.968750 +0.033225
+0.468750 +0.968750 +0.033984
+0.500000 +0.968750 +0.034729
+0.531250 +0.968750 +0.035454
+0.562500 +0.968750 +0.036153
+0.593750 +0.968750 +0.036821
+0.625000 +0.968750 +0.037452
+0.656250 +0.968750 +0.038042
+0.687500 +0.968750 +0.038584
+0.718750 +0.968750 +0.039074
+0.750000 +0.968750 +0.039509
+0.781250 +0.968750 +0.039883
+0.812500 +0.968750 +0.040195
+0.843750 +0.968750 +0.040439
+0.875000 +0.968750 +0.040614
+0.906250 +0.968750 +0.040717
+0.937500 +0.968750 +0.040747
+0.968750 +0.968750 +0.040702
+1.000000 +0.968750 +0.040583
+1.031250 +0.968750 +0.040388
+1.062500 +0.968750 +0.040118
+1.093750 +0.968750 +0.039776
+1.125000 +0.968750 +0.039361
+1.156250 +0.968750 +0.038878
+1.187500 +0.968750 +0.038329
+1.218750 +0.968750 +0.037718
+1.250000 +0.968750 +0.037050
+1.281250 +0.968750 +0.036330
+1.312500 +0.968750 +0.035564
+1.343750 +0.968750 +0.034758
+1.375000 +0.968750 +0.033920
+1.406250 +0.968750 +0.033058
+1.437500 +0.968750 +0.032180
+1.468750 +0.968750 +0.031296
+1.500000 +0.968750 +0.030414
+1.531250 +0.968750 +0.029546
+1.562500 +0.968750 +0.028702
+1.593750 +0.968750 +0.027892
+1.625000 +0.968750 +0.027127
+1.656250 +0.968750 +0.026417
+1.687500 +0.968750 +0.025774
+1.718750 +0.968750 +0.025206
+1.750000 +0.968750 +0.024724
+1.781250 +0.968750 +0.024336
+1.812500 +0.968750 +0.024050
+1.843750 +0.968750 +0.023870
+1.875000 +0.968750 +0.023803
+1.906250 +0.968750 +0.023850
+1.937500 +0.968750 +0.024013
+1.968750 +0.968750 +0.024286
+2.000000 +0.968750 +0.024660
+0.000000 +1.000000 +0.000000
+0.031250 +1.000000 +0.000000
+0.062500 +1.000000 +0.000000
+0.093750 +1.000000 +0.000000
+0.125000 +1.000000 +0.000000
+0.156250 +1.000000 +0.000000
+0.187500 +1.000000 +0.000000
+0.218750 +1.000000 +0.000000
+0.250000 +1.000000 +0.000000
+0.281250 +1.000000 +0.000000
+0.312500 +1.000000 +0.000000
+0.343750 +1.000000 +0.000000
+0.375000 +1.000000 +0.000000
+0.406250 +1.000000 +0.000000
+0.437500 +1.000000 +0.000000
+0.468750 +1.000000 +0.000000
+0.500000 +1.000000 +0.000000
+0.531250 +1.000000 +0.000000
+0.562500 +1.000000 +0.000000
+0.593750 +1.000000 +0.000000
+0.625000 +1.000000 +0.000000
+0.656250 +1.000000 +0.000000
+0.687500 +1.000000 +0.000000
+0.718750 +1.000000 +0.000000
+0.750000 +1.000000 +0.000000
+0.781250 +1.000000 +0.000000
+0.812500 +1.000000 +0.000000
+0.843750 +1.000000 +0.000000
+0.875000 +1.000000 +0.000000
+0.906250 +1.000000 +0.000000
+0.937500 +1.000000 +0.000000
+0.968750 +1.000000 +0.000000
+1.000000 +1.000000 +0.000000
+1.031250 +1.000000 +0.000000
+1.062500 +1.000000 +0.000000
+1.093750 +1.000000 +0.000000
+1.125000 +1.000000 +0.000000
+1.156250 +1.000000 +0.000000
+1.187500 +1.000000 +0.000000
+1.218750 +1.000000 +0.000000
+1.250000 +1.000000 +0.000000
+1.281250 +1.000000 +0.000000
+1.312500 +1.000000 +0.000000
+1.343750 +1.000000 +0.000000
+1.375000 +1.000000 +0.000000
+1.406250 +1.000000 +0.000000
+1.437500 +1.000000 +0.000000
+1.468750 +1.000000 +0.000000
+1.500000 +1.000000 +0.000000
+1.531250 +1.000000 +0.000000
+1.562500 +1.000000 +0.000000
+1.593750 +1.000000 +0.000000
+1.625000 +1.000000 +0.000000
+1.656250 +1.000000 +0.000000
+1.687500 +1.000000 +0.000000
+1.718750 +1.000000 +0.000000
+1.750000 +1.000000 +0.000000
+1.781250 +1.000000 +0.000000
+1.812500 +1.000000 +0.000000
+1.843750 +1.000000 +0.000000
+1.875000 +1.000000 +0.000000
+1.906250 +1.000000 +0.000000
+1.937500 +1.000000 +0.000000
+1.968750 +1.000000 +0.000000
+2.000000 +1.000000 +0.000000
